100 1e-06
200 2e-06
300 3e-06
400 2e-06
500 3e-06
600 3e-06
700 2e-06
800 2e-06
900 2e-06
1000 2e-06
1100 6e-06
1200 2e-06
1300 4e-06
1400 4e-06
1500 5e-06
1600 5e-06
1700 5e-06
1800 5e-06
1900 5e-06
2000 4e-06
2100 4e-06
2200 5e-06
2300 5e-06
2400 5e-06
2500 5e-06
2600 5e-06
2700 7e-06
2800 8e-06
2900 8e-06
3000 8e-06
3100 8e-06
3200 8e-06
3300 9e-06
3400 7e-06
3500 8e-06
3600 7e-06
3700 7e-06
3800 7e-06
3900 1.5e-05
4000 8e-06
4100 8e-06
4200 1.1e-05
4300 1.6e-05
4400 1.7e-05
4500 1.8e-05
4600 1.8e-05
4700 1.2e-05
4800 1.9e-05
4900 1.9e-05
5000 2.2e-05
5100 1.9e-05
5200 1.4e-05
5300 1.4e-05
5400 1.4e-05
5500 1.4e-05
5600 2.1e-05
5700 1.5e-05
5800 1.9e-05
5900 1.6e-05
6000 1.6e-05
6100 1.6e-05
6200 1.6e-05
6300 1.6e-05
6400 1.7e-05
6500 1.7e-05
6600 1.7e-05
6700 1.7e-05
6800 1.7e-05
6900 1.7e-05
7000 2.6e-05
7100 2.5e-05
7200 1.9e-05
7300 1.9e-05
7400 2.8e-05
7500 2.9e-05
7600 1.9e-05
7700 2.9e-05
7800 2.9e-05
7900 2e-05
8000 3.1e-05
8100 2.1e-05
8200 2.1e-05
8300 2.1e-05
8400 2.1e-05
8500 2.1e-05
8600 2.2e-05
8700 2.2e-05
8800 2.2e-05
8900 1.7e-05
9000 1.7e-05
9100 1.8e-05
9200 1.8e-05
9300 1.8e-05
9400 3.5e-05
9500 2.4e-05
9600 3.4e-05
9700 3.6e-05
9800 2.4e-05
9900 2.5e-05
10000 4.2e-05
10100 3.5e-05
10200 2.6e-05
10300 2.6e-05
10400 2.6e-05
10500 2.6e-05
10600 2.7e-05
10700 2.8e-05
10800 2.7e-05
10900 2.7e-05
11000 2.7e-05
11100 2.8e-05
11200 2.2e-05
11300 2.2e-05
11400 2.2e-05
11500 2.2e-05
11600 2.3e-05
11700 2.3e-05
11800 2.2e-05
11900 3e-05
12000 3e-05
12100 3.1e-05
12200 4.4e-05
12300 3e-05
12400 3.1e-05
12500 3.2e-05
12600 3.1e-05
12700 3.1e-05
12800 3.2e-05
12900 3.2e-05
13000 3.3e-05
13100 2.5e-05
13200 2.5e-05
13300 2.5e-05
13400 2.6e-05
13500 3e-05
13600 2.6e-05
13700 2.6e-05
13800 3.5e-05
13900 5.1e-05
14000 3.5e-05
14100 3.5e-05
14200 5.2e-05
14300 3.6e-05
14400 3.6e-05
14500 3.6e-05
14600 3.7e-05
14700 3.7e-05
14800 3.7e-05
14900 3.8e-05
15000 2.9e-05
15100 2.9e-05
15200 2.9e-05
15300 2.9e-05
15400 2.9e-05
15500 3e-05
15600 3.4e-05
15700 2.9e-05
15800 3e-05
15900 3e-05
16000 3.1e-05
16100 6.1e-05
16200 3.1e-05
16300 3.1e-05
16400 4.6e-05
16500 4.1e-05
16600 4.1e-05
16700 4.2e-05
16800 6.2e-05
16900 4.2e-05
17000 4.2e-05
17100 7.1e-05
17200 4.3e-05
17300 4.3e-05
17400 4.3e-05
17500 4.3e-05
17600 3.3e-05
17700 3.4e-05
17800 3.4e-05
17900 3.4e-05
18000 3.5e-05
18100 3.5e-05
18200 7e-05
18300 3.5e-05
18400 4.6e-05
18500 4.6e-05
18600 5.1e-05
18700 4.6e-05
18800 7.1e-05
18900 7.1e-05
19000 7.1e-05
19100 7.1e-05
19200 7.2e-05
19300 7.2e-05
19400 5.5e-05
19500 5.5e-05
19600 7.4e-05
19700 3.7e-05
19800 3.8e-05
19900 7.2e-05
20000 7.2e-05
20100 7.3e-05
20200 7.3e-05
20300 7.3e-05
20400 3.8e-05
20500 3.9e-05
20600 3.8e-05
20700 3.9e-05
20800 3.9e-05
20900 4e-05
21000 4e-05
21100 4.3e-05
21200 5.3e-05
21300 5.3e-05
21400 5.4e-05
21500 5.3e-05
21600 5.4e-05
21700 5.3e-05
21800 5.4e-05
21900 8.1e-05
22000 8.2e-05
22100 5.6e-05
22200 5.4e-05
22300 5.5e-05
22400 5.6e-05
22500 8.4e-05
22600 8.4e-05
22700 5.6e-05
22800 5.6e-05
22900 5.7e-05
23000 5.8e-05
23100 5.8e-05
23200 5.8e-05
23300 5.8e-05
23400 5.9e-05
23500 8.8e-05
23600 8.8e-05
23700 5.9e-05
23800 5.9e-05
23900 5.9e-05
24000 9e-05
24100 6e-05
24200 6e-05
24300 6e-05
24400 6.1e-05
24500 9.1e-05
24600 9.1e-05
24700 9.2e-05
24800 9.2e-05
24900 9.2e-05
25000 9.2e-05
25100 6.3e-05
25200 6.2e-05
25300 9.5e-05
25400 9.4e-05
25500 9.5e-05
25600 9.6e-05
25700 4.9e-05
25800 4.9e-05
25900 4.9e-05
26000 5e-05
26100 5e-05
26200 5e-05
26300 5e-05
26400 5.1e-05
26500 0.000104
26600 0.000101
26700 0.000101
26800 7.6e-05
26900 7.6e-05
27000 7.7e-05
27100 8.5e-05
27200 6.7e-05
27300 5.1e-05
27400 5.2e-05
27500 5.2e-05
27600 5.3e-05
27700 5.3e-05
27800 5.3e-05
27900 5.4e-05
28000 5.4e-05
28100 5.4e-05
28200 5.4e-05
28300 5.4e-05
28400 5.4e-05
28500 5.5e-05
28600 5.5e-05
28700 5.5e-05
28800 5.5e-05
28900 5.5e-05
29000 5.5e-05
29100 5.6e-05
29200 5.6e-05
29300 5.6e-05
29400 5.6e-05
29500 5.6e-05
29600 7.3e-05
29700 5.6e-05
29800 5.6e-05
29900 5.7e-05
30000 5.7e-05
30100 5.8e-05
30200 5.7e-05
30300 6.2e-05
30400 5.8e-05
30500 7.5e-05
30600 7.5e-05
30700 7.5e-05
30800 7.6e-05
30900 7.6e-05
31000 5.9e-05
31100 5.9e-05
31200 5.9e-05
31300 6e-05
31400 6e-05
31500 6e-05
31600 6e-05
31700 6.1e-05
31800 6.1e-05
31900 6.1e-05
32000 6.1e-05
32100 6.1e-05
32200 6.2e-05
32300 6.2e-05
32400 6.6e-05
32500 6.3e-05
32600 6.2e-05
32700 6.3e-05
32800 0.000122
32900 0.000121
33000 0.000119
33100 0.000123
33200 8.3e-05
33300 0.000119
33400 0.000119
33500 0.000121
33600 8.4e-05
33700 0.000121
33800 0.000126
33900 0.000122
34000 0.000122
34100 0.000122
34200 0.000123
34300 8.4e-05
34400 8.5e-05
34500 8.5e-05
34600 8.5e-05
34700 8.6e-05
34800 0.000125
34900 8.5e-05
35000 0.000125
35100 8.6e-05
35200 8.7e-05
35300 8.7e-05
35400 0.000127
35500 8.7e-05
35600 8.8e-05
35700 8.8e-05
35800 0.000129
35900 9.5e-05
36000 0.00013
36100 0.00013
36200 0.000134
36300 0.000131
36400 0.00013
36500 0.000132
36600 9.1e-05
36700 9.1e-05
36800 9.1e-05
36900 9.2e-05
37000 9.1e-05
37100 7e-05
37200 7.1e-05
37300 7e-05
37400 0.000139
37500 7e-05
37600 7.1e-05
37700 9.4e-05
37800 9.4e-05
37900 9.3e-05
38000 0.000137
38100 9.4e-05
38200 9.4e-05
38300 9.4e-05
38400 9.5e-05
38500 9.5e-05
38600 9.5e-05
38700 9.6e-05
38800 7.4e-05
38900 7.5e-05
39000 7.4e-05
39100 7.4e-05
39200 7.5e-05
39300 0.000151
39400 0.000141
39500 0.000146
39600 9.7e-05
39700 9.8e-05
39800 9.7e-05
39900 9.8e-05
40000 7.6e-05
40100 7.6e-05
40200 7.6e-05
40300 7.6e-05
40400 7.6e-05
40500 7.7e-05
40600 0.000145
40700 0.000146
40800 0.000146
40900 0.0001
41000 7.8e-05
41100 0.000148
41200 0.000148
41300 0.000101
41400 0.000149
41500 0.000154
41600 0.000104
41700 0.000155
41800 0.00015
41900 0.000154
42000 0.000128
42100 0.000149
42200 0.000105
42300 0.000105
42400 0.000105
42500 0.000106
42600 0.000105
42700 0.000106
42800 0.000159
42900 0.000154
43000 0.000159
43100 0.000107
43200 0.000161
43300 0.000156
43400 0.000159
43500 0.000156
43600 0.000107
43700 0.000107
43800 0.000107
43900 0.000107
44000 0.000109
44100 8.2e-05
44200 8.8e-05
44300 8.2e-05
44400 8.3e-05
44500 8.3e-05
44600 8.4e-05
44700 8.4e-05
44800 8.5e-05
44900 8.4e-05
45000 8.4e-05
45100 8.4e-05
45200 8.5e-05
45300 8.6e-05
45400 8.5e-05
45500 8.5e-05
45600 8.6e-05
45700 8.6e-05
45800 8.6e-05
45900 0.000165
46000 8.6e-05
46100 0.000113
46200 0.000114
46300 0.000115
46400 0.000115
46500 0.000168
46600 0.000116
46700 0.000168
46800 0.000116
46900 0.000116
47000 0.000116
47100 0.00017
47200 0.000128
47300 0.000117
47400 0.000169
47500 0.000144
47600 0.000118
47700 0.00017
47800 0.000117
47900 0.000117
48000 0.000117
48100 0.000179
48200 0.000119
48300 0.000119
48400 0.000174
48500 0.000119
48600 0.000182
48700 0.00012
48800 0.000132
48900 0.000121
49000 0.000176
49100 0.000121
49200 0.000177
49300 0.000177
49400 0.000192
49500 0.000182
49600 0.000182
49700 0.000123
49800 0.000123
49900 0.000184
50000 0.00018
50100 0.000131
50200 0.000185
50300 0.000124
50400 0.000185
50500 0.000124
50600 0.000126
50700 0.000182
50800 0.000126
50900 0.000125
51000 0.000125
51100 0.000125
51200 0.000133
51300 0.000125
51400 0.000126
51500 0.000126
51600 0.000126
51700 0.000127
51800 0.000127
51900 0.000127
52000 0.000128
52100 0.000128
52200 0.000128
52300 0.000128
52400 0.000128
52500 0.000129
52600 9.8e-05
52700 9.9e-05
52800 9.9e-05
52900 9.9e-05
53000 0.000101
53100 0.000189
53200 0.00019
53300 0.00019
53400 0.000131
53500 0.000131
53600 0.000132
53700 0.000132
53800 0.000131
53900 0.000132
54000 0.000194
54100 0.000199
54200 0.000133
54300 0.000202
54400 0.000133
54500 0.000213
54600 0.000134
54700 0.000133
54800 0.000155
54900 0.000155
55000 0.000157
55100 0.000136
55200 0.000197
55300 0.000159
55400 0.000199
55500 0.0002
55600 0.000199
55700 0.000198
55800 0.000201
55900 0.000137
56000 0.0002
56100 0.000138
56200 0.000211
56300 0.000201
56400 0.000201
56500 0.000201
56600 0.000202
56700 0.000106
56800 0.000106
56900 0.000106
57000 0.000108
57100 0.000108
57200 0.000108
57300 0.00014
57400 0.000141
57500 0.000207
57600 0.000141
57700 0.000207
57800 0.000212
57900 0.000215
58000 0.000142
58100 0.000143
58200 0.000207
58300 0.000143
58400 0.000143
58500 0.000154
58600 0.000143
58700 0.000151
58800 0.000211
58900 0.000109
59000 0.000211
59100 0.00011
59200 0.00022
59300 0.000146
59400 0.000158
59500 0.000243
59600 0.000231
59700 0.000147
59800 0.000146
59900 0.000147
60000 0.000147
60100 0.000111
60200 0.000111
60300 0.000111
60400 0.000112
60500 0.000112
60600 0.000112
60700 0.000112
60800 0.000114
60900 0.000113
61000 0.000114
61100 0.000114
61200 0.000114
61300 0.000114
61400 0.000113
61500 0.000115
61600 0.000125
61700 0.000115
61800 0.000115
61900 0.000115
62000 0.000115
62100 0.000121
62200 0.000116
62300 0.000117
62400 0.000116
62500 0.000117
62600 0.000116
62700 0.000117
62800 0.000118
62900 0.000118
63000 0.000118
63100 0.000118
63200 0.000118
63300 0.00012
63400 0.000119
63500 0.000124
63600 0.00012
63700 0.00012
63800 0.00012
63900 0.00012
64000 0.000121
64100 0.000121
64200 0.000121
64300 0.000121
64400 0.000121
64500 0.000122
64600 0.000121
64700 0.000122
64800 0.000121
64900 0.000122
65000 0.000123
65100 0.000123
65200 0.000122
65300 0.000122
65400 0.000123
65500 0.000124
65600 0.000124
65700 0.000124
65800 0.000125
65900 0.000124
66000 0.000124
66100 0.000124
66200 0.000125
66300 0.000129
66400 0.000125
66500 0.000125
66600 0.000126
66700 0.000125
66800 0.000131
66900 0.000126
67000 0.000249
67100 0.000126
67200 0.000242
67300 0.00025
67400 0.000242
67500 0.000167
67600 0.000167
67700 0.000167
67800 0.000166
67900 0.000252
68000 0.000251
68100 0.000252
68200 0.000168
68300 0.000169
68400 0.000173
68500 0.000169
68600 0.000128
68700 0.000127
68800 0.000129
68900 0.000129
69000 0.000129
69100 0.00013
69200 0.000129
69300 0.00013
69400 0.00013
69500 0.000132
69600 0.000131
69700 0.000132
69800 0.000132
69900 0.000132
70000 0.000131
70100 0.000132
70200 0.000132
70300 0.000148
70400 0.000133
70500 0.000133
70600 0.000141
70700 0.000134
70800 0.000134
70900 0.000133
71000 0.000134
71100 0.000139
71200 0.000146
71300 0.000134
71400 0.000135
71500 0.000277
71600 0.000138
71700 0.000133
71800 0.000258
71900 0.000265
72000 0.000259
72100 0.000272
72200 0.000215
72300 0.000267
72400 0.000268
72500 0.000204
72600 0.000206
72700 0.000208
72800 0.000178
72900 0.000178
73000 0.000179
73100 0.000136
73200 0.000277
73300 0.000277
73400 0.000269
73500 0.00018
73600 0.00018
73700 0.00027
73800 0.000279
73900 0.000272
74000 0.000136
74100 0.000138
74200 0.000136
74300 0.000137
74400 0.000138
74500 0.000139
74600 0.000148
74700 0.000139
74800 0.000139
74900 0.000138
75000 0.00014
75100 0.000139
75200 0.00014
75300 0.00014
75400 0.000141
75500 0.000141
75600 0.00014
75700 0.000141
75800 0.000141
75900 0.000142
76000 0.000141
76100 0.000142
76200 0.000143
76300 0.000143
76400 0.000144
76500 0.000143
76600 0.000144
76700 0.000144
76800 0.000145
76900 0.000145
77000 0.000146
77100 0.000147
77200 0.000146
77300 0.000147
77400 0.000147
77500 0.000147
77600 0.000147
77700 0.000148
77800 0.000148
77900 0.000148
78000 0.000149
78100 0.000149
78200 0.00015
78300 0.000149
78400 0.000149
78500 0.000149
78600 0.000151
78700 0.000151
78800 0.000152
78900 0.000151
79000 0.000151
79100 0.000152
79200 0.000152
79300 0.000149
79400 0.00015
79500 0.00015
79600 0.000152
79700 0.000153
79800 0.000158
79900 0.000153
80000 0.000153
80100 0.000153
80200 0.000151
80300 0.000151
80400 0.000151
80500 0.000152
80600 0.000152
80700 0.000198
80800 0.000197
80900 0.000197
81000 0.000178
81100 0.000152
81200 0.000152
81300 0.000151
81400 0.000152
81500 0.000151
81600 0.000199
81700 0.0002
81800 0.000302
81900 0.000266
82000 0.000202
82100 0.000201
82200 0.000295
82300 0.000203
82400 0.000204
82500 0.000338
82600 0.000203
82700 0.000202
82800 0.000154
82900 0.000154
83000 0.000155
83100 0.000155
83200 0.000155
83300 0.000156
83400 0.000156
83500 0.000156
83600 0.000157
83700 0.000204
83800 0.000205
83900 0.000205
84000 0.000205
84100 0.000157
84200 0.000158
84300 0.000158
84400 0.000157
84500 0.000158
84600 0.000207
84700 0.000207
84800 0.000208
84900 0.000321
85000 0.00021
85100 0.000217
85200 0.000208
85300 0.000208
85400 0.000208
85500 0.000209
85600 0.00021
85700 0.00021
85800 0.000166
85900 0.000158
86000 0.000158
86100 0.000159
86200 0.000159
86300 0.00016
86400 0.00016
86500 0.00016
86600 0.000164
86700 0.000162
86800 0.000162
86900 0.000173
87000 0.000161
87100 0.000162
87200 0.00031
87300 0.000276
87400 0.000213
87500 0.000214
87600 0.000215
87700 0.000214
87800 0.000214
87900 0.000214
88000 0.000215
88100 0.000168
88200 0.000162
88300 0.00033
88400 0.000325
88500 0.000334
88600 0.00033
88700 0.000334
88800 0.000248
88900 0.000165
89000 0.000166
89100 0.000173
89200 0.000238
89300 0.000243
89400 0.000218
89500 0.000328
89600 0.000355
89700 0.000329
89800 0.000347
89900 0.000338
90000 0.000339
90100 0.000347
90200 0.00031
90300 0.00033
90400 0.000334
90500 0.000335
90600 0.000335
90700 0.0002
90800 0.000169
90900 0.00017
91000 0.00017
91100 0.000338
91200 0.000385
91300 0.000335
91400 0.00017
91500 0.000342
91600 0.000256
91700 0.000224
91800 0.000232
91900 0.000171
92000 0.000173
92100 0.000173
92200 0.000182
92300 0.000174
92400 0.000182
92500 0.000174
92600 0.000174
92700 0.000174
92800 0.000175
92900 0.000175
93000 0.000334
93100 0.000175
93200 0.000364
93300 0.000332
93400 0.000332
93500 0.000175
93600 0.000364
93700 0.000176
93800 0.000333
93900 0.000348
94000 0.000177
94100 0.000177
94200 0.000178
94300 0.000177
94400 0.000178
94500 0.000179
94600 0.000178
94700 0.000186
94800 0.000178
94900 0.000179
95000 0.000179
95100 0.000179
95200 0.000179
95300 0.000232
95400 0.000233
95500 0.000234
95600 0.000234
95700 0.000234
95800 0.000234
95900 0.000234
96000 0.000235
96100 0.000241
96200 0.000235
96300 0.000235
96400 0.000235
96500 0.000236
96600 0.000237
96700 0.000236
96800 0.000181
96900 0.000181
97000 0.000181
97100 0.000183
97200 0.000238
97300 0.000237
97400 0.000238
97500 0.000238
97600 0.000183
97700 0.000183
97800 0.000184
97900 0.000185
98000 0.000185
98100 0.000228
98200 0.00024
98300 0.00024
98400 0.000241
98500 0.000241
98600 0.000242
98700 0.000241
98800 0.000186
98900 0.000186
99000 0.000187
99100 0.000187
99200 0.000187
99300 0.000187
99400 0.000188
99500 0.000187
99600 0.000243
99700 0.000244
99800 0.000245
99900 0.000244
100000 0.000378
100100 0.000378
100200 0.000344
100300 0.000245
100400 0.000245
100500 0.000246
100600 0.000255
100700 0.000431
100800 0.000251
100900 0.000246
101000 0.000247
101100 0.000189
101200 0.00019
101300 0.000191
101400 0.000191
101500 0.000248
101600 0.000248
101700 0.000249
101800 0.000249
101900 0.000191
102000 0.000192
102100 0.000192
102200 0.000192
102300 0.00025
102400 0.000251
102500 0.000251
102600 0.00025
102700 0.00025
102800 0.000251
102900 0.000251
103000 0.000261
103100 0.000252
103200 0.000252
103300 0.000252
103400 0.000253
103500 0.000253
103600 0.000253
103700 0.000254
103800 0.000254
103900 0.000253
104000 0.000254
104100 0.000254
104200 0.000254
104300 0.000255
104400 0.000271
104500 0.000196
104600 0.000205
104700 0.000392
104800 0.000393
104900 0.000376
105000 0.000377
105100 0.000377
105200 0.000257
105300 0.000257
105400 0.000257
105500 0.000195
105600 0.000379
105700 0.000379
105800 0.000391
105900 0.000261
106000 0.000414
106100 0.000261
106200 0.000261
106300 0.000261
106400 0.00039
106500 0.000265
106600 0.00027
106700 0.000394
106800 0.000406
106900 0.000201
107000 0.000385
107100 0.00035
107200 0.000392
107300 0.000262
107400 0.000394
107500 0.000394
107600 0.000393
107700 0.000229
107800 0.000251
107900 0.000237
108000 0.000206
108100 0.000206
108200 0.000206
108300 0.000205
108400 0.00021
108500 0.000207
108600 0.000265
108700 0.000255
108800 0.000206
108900 0.000208
109000 0.000216
109100 0.000208
109200 0.000242
109300 0.000416
109400 0.000311
109500 0.000279
109600 0.000267
109700 0.000216
109800 0.000208
109900 0.000208
110000 0.000209
110100 0.000209
110200 0.000417
110300 0.00045
110400 0.00027
110500 0.000442
110600 0.000406
110700 0.000491
110800 0.000212
110900 0.00021
111000 0.000274
111100 0.000274
111200 0.000275
111300 0.000274
111400 0.000419
111500 0.000324
111600 0.000275
111700 0.000275
111800 0.000292
111900 0.000276
112000 0.000276
112100 0.000209
112200 0.000234
112300 0.000209
112400 0.000211
112500 0.000211
112600 0.000211
112700 0.000211
112800 0.000211
112900 0.000212
113000 0.000212
113100 0.000212
113200 0.000212
113300 0.000212
113400 0.000214
113500 0.000213
113600 0.000213
113700 0.00022
113800 0.000213
113900 0.000214
114000 0.000213
114100 0.000215
114200 0.000215
114300 0.000216
114400 0.000215
114500 0.000218
114600 0.000215
114700 0.000215
114800 0.000214
114900 0.000216
115000 0.000216
115100 0.000235
115200 0.000216
115300 0.000217
115400 0.000217
115500 0.000217
115600 0.000218
115700 0.000218
115800 0.000218
115900 0.000218
116000 0.000219
116100 0.000225
116200 0.000219
116300 0.000218
116400 0.000218
116500 0.000219
116600 0.000249
116700 0.00022
116800 0.000436
116900 0.000286
117000 0.000436
117100 0.000286
117200 0.000286
117300 0.000434
117400 0.00029
117500 0.00043
117600 0.000418
117700 0.000287
117800 0.000431
117900 0.000432
118000 0.000436
118100 0.000432
118200 0.000288
118300 0.000289
118400 0.000289
118500 0.000434
118600 0.000434
118700 0.000305
118800 0.000222
118900 0.000224
119000 0.000224
119100 0.000224
119200 0.000224
119300 0.000224
119400 0.000225
119500 0.000224
119600 0.000225
119700 0.000225
119800 0.000225
119900 0.000446
120000 0.000439
120100 0.000224
120200 0.000364
120300 0.000331
120400 0.000333
120500 0.000295
120600 0.000295
120700 0.000295
120800 0.000295
120900 0.000225
121000 0.000225
121100 0.000226
121200 0.000226
121300 0.000227
121400 0.000227
121500 0.000228
121600 0.000227
121700 0.000228
121800 0.000228
121900 0.000228
122000 0.000229
122100 0.000236
122200 0.000228
122300 0.00024
122400 0.00023
122500 0.000231
122600 0.000231
122700 0.000232
122800 0.000232
122900 0.000234
123000 0.000234
123100 0.000233
123200 0.000234
123300 0.000234
123400 0.000234
123500 0.000234
123600 0.000235
123700 0.000235
123800 0.000235
123900 0.000235
124000 0.000235
124100 0.00025
124200 0.000236
124300 0.000243
124400 0.000234
124500 0.000236
124600 0.000236
124700 0.000235
124800 0.000236
124900 0.000235
125000 0.000242
125100 0.00024
125200 0.000238
125300 0.000306
125400 0.000306
125500 0.000306
125600 0.000237
125700 0.000243
125800 0.000237
125900 0.000237
126000 0.000238
126100 0.000315
126200 0.000308
126300 0.000237
126400 0.000238
126500 0.00024
126600 0.000239
126700 0.000239
126800 0.000243
126900 0.000461
127000 0.00031
127100 0.00031
127200 0.000266
127300 0.000239
127400 0.00024
127500 0.00024
127600 0.00024
127700 0.00024
127800 0.000241
127900 0.000241
128000 0.000263
128100 0.000243
128200 0.000242
128300 0.000243
128400 0.000245
128500 0.000254
128600 0.000246
128700 0.000256
128800 0.000246
128900 0.000246
129000 0.000247
129100 0.000247
129200 0.000247
129300 0.000247
129400 0.000248
129500 0.000248
129600 0.000247
129700 0.000247
129800 0.000248
129900 0.000249
130000 0.000275
130100 0.000247
130200 0.000246
130300 0.000263
130400 0.000247
130500 0.000248
130600 0.000247
130700 0.000246
130800 0.000247
130900 0.000248
131000 0.000247
131100 0.000248
131200 0.000249
131300 0.000249
131400 0.000276
131500 0.000252
131600 0.000257
131700 0.000249
131800 0.000267
131900 0.000249
132000 0.000251
132100 0.000249
132200 0.000249
132300 0.00025
132400 0.00025
132500 0.000249
132600 0.000249
132700 0.000256
132800 0.000251
132900 0.000251
133000 0.000251
133100 0.000252
133200 0.000251
133300 0.000252
133400 0.000254
133500 0.000254
133600 0.000254
133700 0.000255
133800 0.000254
133900 0.000256
134000 0.000255
134100 0.000255
134200 0.000255
134300 0.000255
134400 0.000256
134500 0.000256
134600 0.000256
134700 0.000258
134800 0.000257
134900 0.000257
135000 0.000257
135100 0.000258
135200 0.000514
135300 0.00034
135400 0.00033
135500 0.000485
135600 0.000482
135700 0.000497
135800 0.000331
135900 0.000488
136000 0.000335
136100 0.000332
136200 0.000332
136300 0.000332
136400 0.000252
136500 0.00025
136600 0.000254
136700 0.000255
136800 0.000255
136900 0.000253
137000 0.000255
137100 0.000269
137200 0.000263
137300 0.000255
137400 0.000257
137500 0.000255
137600 0.000256
137700 0.00026
137800 0.000266
137900 0.000259
138000 0.000265
138100 0.000259
138200 0.000259
138300 0.000268
138400 0.000262
138500 0.000262
138600 0.000262
138700 0.000261
138800 0.00026
138900 0.000263
139000 0.000262
139100 0.000263
139200 0.000263
139300 0.000263
139400 0.000261
139500 0.000281
139600 0.000262
139700 0.000262
139800 0.00026
139900 0.000261
140000 0.000261
140100 0.000262
140200 0.000262
140300 0.000312
140400 0.000369
140500 0.000531
140600 0.000396
140700 0.000394
140800 0.000405
140900 0.000549
141000 0.0004
141100 0.000505
141200 0.000501
141300 0.000517
141400 0.000348
141500 0.000523
141600 0.000349
141700 0.000346
141800 0.000346
141900 0.000346
142000 0.000347
142100 0.000265
142200 0.000268
142300 0.000268
142400 0.00058
142500 0.00042
142600 0.000349
142700 0.000371
142800 0.000352
142900 0.000351
143000 0.000349
143100 0.000268
143200 0.000268
143300 0.000268
143400 0.000306
143500 0.000525
143600 0.00035
143700 0.00035
143800 0.000351
143900 0.000351
144000 0.000266
144100 0.000268
144200 0.000268
144300 0.00027
144400 0.000269
144500 0.00027
144600 0.00027
144700 0.000271
144800 0.000271
144900 0.000272
145000 0.000271
145100 0.000363
145200 0.000354
145300 0.000355
145400 0.000355
145500 0.000355
145600 0.000356
145700 0.000368
145800 0.000356
145900 0.000356
146000 0.000357
146100 0.000365
146200 0.000367
146300 0.000357
146400 0.000357
146500 0.000357
146600 0.000358
146700 0.000358
146800 0.000358
146900 0.000359
147000 0.000358
147100 0.000371
147200 0.000274
147300 0.000281
147400 0.000276
147500 0.000273
147600 0.000277
147700 0.000546
147800 0.000546
147900 0.000546
148000 0.000364
148100 0.000361
148200 0.000361
148300 0.000362
148400 0.000362
148500 0.000362
148600 0.000278
148700 0.00028
148800 0.00055
148900 0.000375
149000 0.000364
149100 0.000372
149200 0.000364
149300 0.000365
149400 0.000365
149500 0.000364
149600 0.00028
149700 0.000282
149800 0.000288
149900 0.000349
150000 0.000366
150100 0.000554
150200 0.000555
150300 0.00037
150400 0.00037
150500 0.00037
150600 0.000281
150700 0.000284
150800 0.00029
150900 0.000282
151000 0.000284
151100 0.000284
151200 0.000285
151300 0.000283
151400 0.000285
151500 0.000285
151600 0.000297
151700 0.000286
151800 0.000285
151900 0.000286
152000 0.000286
152100 0.000371
152200 0.000372
152300 0.000372
152400 0.000372
152500 0.000373
152600 0.000372
152700 0.000286
152800 0.000285
152900 0.000288
153000 0.000498
153100 0.000373
153200 0.000381
153300 0.000374
153400 0.000544
153500 0.000374
153600 0.000375
153700 0.000376
153800 0.000375
153900 0.000376
154000 0.000375
154100 0.000376
154200 0.000376
154300 0.000376
154400 0.000287
154500 0.000289
154600 0.000581
154700 0.00058
154800 0.00065
154900 0.000572
155000 0.000556
155100 0.000382
155200 0.000382
155300 0.000612
155400 0.000556
155500 0.000288
155600 0.000293
155700 0.00029
155800 0.000291
155900 0.000291
156000 0.000291
156100 0.000291
156200 0.000291
156300 0.000293
156400 0.000295
156500 0.000294
156600 0.000294
156700 0.000299
156800 0.000294
156900 0.000294
157000 0.000297
157100 0.000294
157200 0.000296
157300 0.000295
157400 0.000296
157500 0.000298
157600 0.000296
157700 0.000309
157800 0.000303
157900 0.000296
158000 0.000299
158100 0.000298
158200 0.000304
158300 0.000298
158400 0.000313
158500 0.000297
158600 0.0003
158700 0.0003
158800 0.0003
158900 0.0003
159000 0.000301
159100 0.000301
159200 0.000301
159300 0.0003
159400 0.000303
159500 0.000301
159600 0.000301
159700 0.000302
159800 0.000302
159900 0.000302
160000 0.000312
160100 0.000302
160200 0.000302
160300 0.000303
160400 0.0003
160500 0.000303
160600 0.000303
160700 0.000323
160800 0.000304
160900 0.000304
161000 0.000304
161100 0.000304
161200 0.000306
161300 0.000305
161400 0.000319
161500 0.000305
161600 0.000307
161700 0.000307
161800 0.000306
161900 0.000314
162000 0.000306
162100 0.000306
162200 0.000306
162300 0.000308
162400 0.000307
162500 0.000304
162600 0.000307
162700 0.000309
162800 0.000308
162900 0.000307
163000 0.000308
163100 0.000314
163200 0.000308
163300 0.000311
163400 0.00031
163500 0.000311
163600 0.00031
163700 0.000307
163800 0.000622
163900 0.000365
164000 0.000633
164100 0.000606
164200 0.000607
164300 0.000608
164400 0.000589
164500 0.000618
164600 0.000405
164700 0.000406
164800 0.00059
164900 0.00059
165000 0.000406
165100 0.000407
165200 0.000417
165300 0.000637
165400 0.000587
165500 0.000606
165600 0.000625
165700 0.000312
165800 0.000632
165900 0.000595
166000 0.000594
166100 0.000318
166200 0.000316
166300 0.000627
166400 0.00041
166500 0.00061
166600 0.000406
166700 0.000407
166800 0.000407
166900 0.000314
167000 0.000315
167100 0.00032
167200 0.000618
167300 0.000606
167400 0.0006
167500 0.000412
167600 0.000619
167700 0.000414
167800 0.000602
167900 0.000601
168000 0.00041
168100 0.000414
168200 0.00042
168300 0.000414
168400 0.000415
168500 0.000603
168600 0.000412
168700 0.000419
168800 0.000412
168900 0.000321
169000 0.000316
169100 0.000428
169200 0.000413
169300 0.000413
169400 0.000313
169500 0.000315
169600 0.000317
169700 0.000425
169800 0.000415
169900 0.000414
170000 0.000415
170100 0.000415
170200 0.000413
170300 0.000322
170400 0.000317
170500 0.000319
170600 0.000327
170700 0.000416
170800 0.000417
170900 0.000417
171000 0.000418
171100 0.000417
171200 0.000417
171300 0.000431
171400 0.000627
171500 0.000435
171600 0.000317
171700 0.00032
171800 0.000322
171900 0.000349
172000 0.000322
172100 0.000322
172200 0.000322
172300 0.000326
172400 0.000323
172500 0.000337
172600 0.000323
172700 0.000323
172800 0.000331
172900 0.000422
173000 0.000422
173100 0.000639
173200 0.000642
173300 0.000326
173400 0.000506
173500 0.000328
173600 0.000423
173700 0.000652
173800 0.000428
173900 0.000428
174000 0.000439
174100 0.000326
174200 0.000329
174300 0.00034
174400 0.000329
174500 0.000328
174600 0.000334
174700 0.000329
174800 0.000329
174900 0.00033
175000 0.000327
175100 0.00033
175200 0.000328
175300 0.000336
175400 0.000332
175500 0.000332
175600 0.000332
175700 0.000337
175800 0.000331
175900 0.000341
176000 0.000333
176100 0.000331
176200 0.000336
176300 0.000331
176400 0.000333
176500 0.000332
176600 0.000338
176700 0.000432
176800 0.000431
176900 0.000431
177000 0.000432
177100 0.000432
177200 0.000432
177300 0.000433
177400 0.000334
177500 0.000334
177600 0.000334
177700 0.000335
177800 0.000434
177900 0.000434
178000 0.000333
178100 0.000335
178200 0.000335
178300 0.000336
178400 0.000335
178500 0.000336
178600 0.000436
178700 0.000436
178800 0.000436
178900 0.000436
179000 0.000437
179100 0.000437
179200 0.000437
179300 0.000438
179400 0.000438
179500 0.000438
179600 0.000447
179700 0.000438
179800 0.00034
179900 0.000337
180000 0.000344
180100 0.00044
180200 0.00044
180300 0.00044
180400 0.00044
180500 0.000441
180600 0.00044
180700 0.000441
180800 0.000441
180900 0.000455
181000 0.000442
181100 0.000442
181200 0.000443
181300 0.000343
181400 0.000344
181500 0.000341
181600 0.000342
181700 0.000341
181800 0.000342
181900 0.000444
182000 0.000444
182100 0.000344
182200 0.000341
182300 0.000353
182400 0.000342
182500 0.000343
182600 0.000343
182700 0.000648
182800 0.000446
182900 0.000447
183000 0.000675
183100 0.000649
183200 0.000338
183300 0.000339
183400 0.00068
183500 0.000452
183600 0.000448
183700 0.000452
183800 0.000449
183900 0.000453
184000 0.000448
184100 0.000454
184200 0.00045
184300 0.00045
184400 0.000458
184500 0.00045
184600 0.00045
184700 0.00045
184800 0.000515
184900 0.000516
185000 0.000451
185100 0.000729
185200 0.000663
185300 0.000684
185400 0.000685
185500 0.000453
185600 0.000462
185700 0.000345
185800 0.000348
185900 0.000348
186000 0.000698
186100 0.000353
186200 0.000348
186300 0.000455
186400 0.000455
186500 0.00061
186600 0.000668
186700 0.000697
186800 0.000704
186900 0.000714
187000 0.000418
187100 0.000663
187200 0.00035
187300 0.000685
187400 0.000457
187500 0.000462
187600 0.000462
187700 0.000462
187800 0.000349
187900 0.000354
188000 0.000351
188100 0.000351
188200 0.000351
188300 0.000352
188400 0.000668
188500 0.000365
188600 0.000689
188700 0.000676
188800 0.000347
188900 0.000359
189000 0.000354
189100 0.000466
189200 0.000462
189300 0.000467
189400 0.000467
189500 0.000467
189600 0.000463
189700 0.000463
189800 0.000505
189900 0.000475
190000 0.000468
190100 0.000468
190200 0.000464
190300 0.000469
190400 0.000464
190500 0.000479
190600 0.000465
190700 0.000465
190800 0.000465
190900 0.000466
191000 0.000466
191100 0.000466
191200 0.000353
191300 0.000354
191400 0.000478
191500 0.000467
191600 0.000467
191700 0.000467
191800 0.000468
191900 0.000475
192000 0.00048
192100 0.000468
192200 0.000469
192300 0.000469
192400 0.000469
192500 0.000469
192600 0.000712
192700 0.00047
192800 0.00047
192900 0.000684
193000 0.000692
193100 0.000481
193200 0.000489
193300 0.000355
193400 0.000356
193500 0.000357
193600 0.000358
193700 0.00036
193800 0.000361
193900 0.000361
194000 0.000359
194100 0.000361
194200 0.00036
194300 0.000372
194400 0.000362
194500 0.000361
194600 0.000364
194700 0.000363
194800 0.00037
194900 0.000365
195000 0.000367
195100 0.000365
195200 0.000362
195300 0.000365
195400 0.000381
195500 0.000369
195600 0.000369
195700 0.000367
195800 0.000369
195900 0.00037
196000 0.000368
196100 0.000368
196200 0.00037
196300 0.00037
196400 0.000371
196500 0.000375
196600 0.000367
196700 0.00037
196800 0.000368
196900 0.000382
197000 0.000743
197100 0.000518
197200 0.000729
197300 0.000754
197400 0.000742
197500 0.000729
197600 0.000487
197700 0.00037
197800 0.000373
197900 0.000506
198000 0.000483
198100 0.000483
198200 0.000483
198300 0.000483
198400 0.000484
198500 0.000485
198600 0.000485
198700 0.000485
198800 0.000486
198900 0.000386
199000 0.000375
199100 0.000375
199200 0.000486
199300 0.000486
199400 0.000429
199500 0.000375
199600 0.000376
199700 0.000709
199800 0.000487
199900 0.000488
200000 0.000487
200100 0.000488
200200 0.000488
200300 0.000488
200400 0.000489
200500 0.00049
200600 0.000489
200700 0.000489
200800 0.00049
200900 0.000499
201000 0.000498
201100 0.000497
201200 0.00049
201300 0.000491
201400 0.000492
201500 0.000492
201600 0.000492
201700 0.000492
201800 0.000493
201900 0.000754
202000 0.000576
202100 0.000493
202200 0.000493
202300 0.000498
202400 0.000494
202500 0.000494
202600 0.000499
202700 0.000499
202800 0.0005
202900 0.0005
203000 0.0005
203100 0.000385
203200 0.000386
203300 0.000388
203400 0.000388
203500 0.000389
203600 0.000389
203700 0.00039
203800 0.000389
203900 0.000389
204000 0.000389
204100 0.00039
204200 0.000392
204300 0.00039
204400 0.000391
204500 0.00039
204600 0.000398
204700 0.000394
204800 0.000391
204900 0.000409
205000 0.000394
205100 0.000392
205200 0.000395
205300 0.000394
205400 0.000392
205500 0.000393
205600 0.000507
205700 0.000542
205800 0.000506
205900 0.000391
206000 0.000396
206100 0.000396
206200 0.000392
206300 0.000393
206400 0.000503
206500 0.000504
206600 0.000504
206700 0.000504
206800 0.000504
206900 0.000504
207000 0.000392
207100 0.000392
207200 0.0004
207300 0.000395
207400 0.000395
207500 0.000519
207600 0.000506
207700 0.000507
207800 0.000508
207900 0.00051
208000 0.000508
208100 0.000507
208200 0.000394
208300 0.000791
208400 0.000739
208500 0.000762
208600 0.000747
208700 0.000778
208800 0.000402
208900 0.000395
209000 0.000749
209100 0.000518
209200 0.00052
209300 0.000521
209400 0.000528
209500 0.000751
209600 0.000511
209700 0.000775
209800 0.000516
209900 0.000764
210000 0.000532
210100 0.000517
210200 0.000752
210300 0.000513
210400 0.000518
210500 0.000513
210600 0.000754
210700 0.000519
210800 0.000755
210900 0.000594
211000 0.000756
211100 0.000394
211200 0.000519
211300 0.000521
211400 0.000773
211500 0.000516
211600 0.000516
211700 0.000404
211800 0.000405
211900 0.000401
212000 0.000403
212100 0.000408
212200 0.000401
212300 0.000408
212400 0.000402
212500 0.000402
212600 0.000417
212700 0.000403
212800 0.000403
212900 0.000404
213000 0.000519
213100 0.000528
213200 0.000403
213300 0.000773
213400 0.000526
213500 0.000777
213600 0.000668
213700 0.000408
213800 0.000404
213900 0.000405
214000 0.000408
214100 0.000791
214200 0.000527
214300 0.000527
214400 0.000405
214500 0.000768
214600 0.000406
214700 0.0008
214800 0.000785
214900 0.000529
215000 0.000529
215100 0.000618
215200 0.00053
215300 0.00041
215400 0.000531
215500 0.00083
215600 0.000664
215700 0.000765
215800 0.0004
215900 0.000774
216000 0.000532
216100 0.000527
216200 0.000528
216300 0.000405
216400 0.000407
216500 0.000407
216600 0.000407
216700 0.000414
216800 0.000408
216900 0.000411
217000 0.000778
217100 0.000534
217200 0.000535
217300 0.000417
217400 0.000417
217500 0.00053
217600 0.000531
217700 0.000531
217800 0.000449
217900 0.000868
218000 0.000532
218100 0.000531
218200 0.00055
218300 0.000411
218400 0.000413
218500 0.000413
218600 0.000835
218700 0.000622
218800 0.000539
218900 0.000539
219000 0.000413
219100 0.000857
219200 0.000535
219300 0.000544
219400 0.000833
219500 0.000625
219600 0.000552
219700 0.000536
219800 0.00084
219900 0.000805
220000 0.00042
220100 0.000416
220200 0.000429
220300 0.000417
220400 0.000417
220500 0.000829
220600 0.000538
220700 0.000538
220800 0.000539
220900 0.000539
221000 0.000549
221100 0.00055
221200 0.000549
221300 0.000547
221400 0.000551
221500 0.00054
221600 0.00054
221700 0.000541
221800 0.00054
221900 0.000412
222000 0.000415
222100 0.000422
222200 0.000418
222300 0.000418
222400 0.000418
222500 0.000543
222600 0.000543
222700 0.000543
222800 0.000641
222900 0.000625
223000 0.000425
223100 0.000419
223200 0.00042
223300 0.000544
223400 0.000545
223500 0.000545
223600 0.000545
223700 0.000545
223800 0.000546
223900 0.000546
224000 0.000564
224100 0.000553
224200 0.000552
224300 0.000547
224400 0.000547
224500 0.000424
224600 0.00042
224700 0.000429
224800 0.000548
224900 0.000548
225000 0.000549
225100 0.00055
225200 0.000597
225300 0.000478
225400 0.000431
225500 0.000424
225600 0.000424
225700 0.000422
225800 0.000424
225900 0.000431
226000 0.000425
226100 0.000443
226200 0.000425
226300 0.000426
226400 0.000434
226500 0.000426
226600 0.000426
226700 0.000427
226800 0.000426
226900 0.000426
227000 0.000432
227100 0.000427
227200 0.000427
227300 0.000427
227400 0.000428
227500 0.000428
227600 0.000428
227700 0.000437
227800 0.000432
227900 0.000433
228000 0.000433
228100 0.000433
228200 0.000436
228300 0.000451
228400 0.000448
228500 0.000818
228600 0.000644
228700 0.000557
228800 0.000427
228900 0.000437
229000 0.00043
229100 0.000431
229200 0.000437
229300 0.000431
229400 0.000434
229500 0.000432
229600 0.000431
229700 0.000435
229800 0.000441
229900 0.000435
230000 0.000433
230100 0.000432
230200 0.00044
230300 0.000433
230400 0.000438
230500 0.000441
230600 0.000434
230700 0.000438
230800 0.000438
230900 0.000438
231000 0.000439
231100 0.000441
231200 0.000442
231300 0.000443
231400 0.000439
231500 0.00044
231600 0.00044
231700 0.00044
231800 0.000441
231900 0.000443
232000 0.00044
232100 0.000453
232200 0.000443
232300 0.000441
232400 0.000444
232500 0.000446
232600 0.000441
232700 0.000442
232800 0.000445
232900 0.000442
233000 0.000439
233100 0.000441
233200 0.000568
233300 0.000569
233400 0.000569
233500 0.00057
233600 0.00057
233700 0.00057
233800 0.000577
233900 0.000582
234000 0.000864
234100 0.000858
234200 0.000577
234300 0.000577
234400 0.000626
234500 0.000583
234600 0.000572
234700 0.000499
234800 0.000446
234900 0.000442
235000 0.000442
235100 0.000573
235200 0.000574
235300 0.000439
235400 0.000443
235500 0.000443
235600 0.000575
235700 0.000574
235800 0.000438
235900 0.000444
236000 0.000733
236100 0.000441
236200 0.000445
236300 0.000449
236400 0.00046
236500 0.000442
236600 0.000445
236700 0.000457
236800 0.000592
236900 0.000625
237000 0.000841
237100 0.000578
237200 0.00044
237300 0.000448
237400 0.000444
237500 0.000447
237600 0.000451
237700 0.000447
237800 0.000447
237900 0.000448
238000 0.00046
238100 0.000448
238200 0.000451
238300 0.000451
238400 0.000452
238500 0.000453
238600 0.000453
238700 0.000901
238800 0.000588
238900 0.000856
239000 0.00089
239100 0.000449
239200 0.000994
239300 0.001027
239400 0.00059
239500 0.000798
239600 0.000885
239700 0.00059
239800 0.000859
239900 0.000883
240000 0.000591
240100 0.000591
240200 0.000456
240300 0.00087
240400 0.000888
240500 0.000904
240600 0.000459
240700 0.00046
240800 0.000461
240900 0.000456
241000 0.000461
241100 0.000461
241200 0.000467
241300 0.000461
241400 0.000468
241500 0.000461
241600 0.000462
241700 0.000462
241800 0.000462
241900 0.000723
242000 0.000693
242100 0.00071
242200 0.000604
242300 0.000457
242400 0.00046
242500 0.00046
242600 0.000465
242700 0.000461
242800 0.000461
242900 0.000461
243000 0.000464
243100 0.000461
243200 0.000465
243300 0.000462
243400 0.000465
243500 0.000462
243600 0.000465
243700 0.000466
243800 0.000465
243900 0.000465
244000 0.000472
244100 0.000466
244200 0.000469
244300 0.000466
244400 0.000469
244500 0.000464
244600 0.000467
244700 0.00047
244800 0.000494
244900 0.000469
245000 0.000468
245100 0.000468
245200 0.000473
245300 0.000468
245400 0.000468
245500 0.000472
245600 0.000491
245700 0.000469
245800 0.000469
245900 0.000473
246000 0.000517
246100 0.00047
246200 0.00047
246300 0.000471
246400 0.000471
246500 0.000471
246600 0.000474
246700 0.000471
246800 0.000471
246900 0.000471
247000 0.000475
247100 0.000472
247200 0.000472
247300 0.000477
247400 0.000472
247500 0.000481
247600 0.000476
247700 0.000473
247800 0.000476
247900 0.000473
248000 0.000476
248100 0.000474
248200 0.000538
248300 0.000492
248400 0.000474
248500 0.000475
248600 0.000478
248700 0.000474
248800 0.000478
248900 0.000473
249000 0.000954
249100 0.000919
249200 0.000614
249300 0.000614
249400 0.000905
249500 0.000614
249600 0.000614
249700 0.000587
249800 0.000471
249900 0.000474
250000 0.000474
250100 0.00047
250200 0.000475
250300 0.00048
250400 0.000475
250500 0.000475
250600 0.000475
250700 0.000915
250800 0.000475
250900 0.000619
251000 0.000619
251100 0.000473
251200 0.000476
251300 0.000477
251400 0.00049
251500 0.000477
251600 0.000481
251700 0.000478
251800 0.000481
251900 0.000478
252000 0.000481
252100 0.000479
252200 0.000482
252300 0.000479
252400 0.000479
252500 0.000479
252600 0.00048
252700 0.000494
252800 0.00048
252900 0.000483
253000 0.00048
253100 0.000479
253200 0.000481
253300 0.000488
253400 0.000484
253500 0.000481
253600 0.000494
253700 0.000482
253800 0.000485
253900 0.000482
254000 0.000481
254100 0.000497
254200 0.00049
254300 0.000486
254400 0.000483
254500 0.000483
254600 0.000488
254700 0.000481
254800 0.000486
254900 0.000486
255000 0.000484
255100 0.000489
255200 0.000485
255300 0.000485
255400 0.000488
255500 0.000498
255600 0.000485
255700 0.000488
255800 0.000485
255900 0.000488
256000 0.000493
256100 0.000489
256200 0.000912
256300 0.000631
256400 0.000947
256500 0.000631
256600 0.000631
256700 0.000631
256800 0.000485
256900 0.000483
257000 0.000488
257100 0.000491
257200 0.000921
257300 0.000633
257400 0.000634
257500 0.000634
257600 0.000634
257700 0.000486
257800 0.00049
257900 0.000493
258000 0.000489
258100 0.00049
258200 0.00049
258300 0.00049
258400 0.000498
258500 0.000491
258600 0.000503
258700 0.000491
258800 0.000499
258900 0.000496
259000 0.000492
259100 0.000496
259200 0.000492
259300 0.000492
259400 0.0005
259500 0.000492
259600 0.000495
259700 0.000493
259800 0.000496
259900 0.00064
260000 0.000794
260100 0.00093
260200 0.0005
260300 0.000494
260400 0.000495
260500 0.000495
260600 0.000495
260700 0.000498
260800 0.000495
260900 0.000498
261000 0.000495
261100 0.000504
261200 0.000495
261300 0.000516
261400 0.000496
261500 0.000496
261600 0.000499
261700 0.000519
261800 0.000966
261900 0.000645
262000 0.000645
262100 0.000505
262200 0.000507
262300 0.000504
262400 0.000501
262500 0.000504
262600 0.000505
262700 0.000573
262800 0.00097
262900 0.000971
263000 0.000496
263100 0.000507
263200 0.000499
263300 0.000503
263400 0.0005
263500 0.000512
263600 0.0005
263700 0.000511
263800 0.000503
263900 0.000501
264000 0.000501
264100 0.000501
264200 0.000505
264300 0.000502
264400 0.000502
264500 0.000502
264600 0.000502
264700 0.000505
264800 0.000503
264900 0.000506
265000 0.000503
265100 0.000514
265200 0.000507
265300 0.000503
265400 0.000526
265500 0.001005
265600 0.000743
265700 0.000981
265800 0.000655
265900 0.000655
266000 0.000502
266100 0.000518
266200 0.000502
266300 0.000521
266400 0.000505
266500 0.000506
266600 0.000509
266700 0.000506
266800 0.000507
266900 0.00051
267000 0.000523
267100 0.000507
267200 0.00051
267300 0.000502
267400 0.000508
267500 0.000511
267600 0.000508
267700 0.000508
267800 0.000508
267900 0.000508
268000 0.000528
268100 0.000512
268200 0.000532
268300 0.000509
268400 0.000509
268500 0.000509
268600 0.000529
268700 0.00051
268800 0.000513
268900 0.000511
269000 0.00051
269100 0.000513
269200 0.000518
269300 0.000514
269400 0.000525
269500 0.000514
269600 0.000514
269700 0.000519
269800 0.000515
269900 0.000515
270000 0.000516
270100 0.00052
270200 0.000516
270300 0.000511
270400 0.000666
270500 0.00066
270600 0.00066
270700 0.00066
270800 0.00066
270900 0.000667
271000 0.000661
271100 0.00066
271200 0.000661
271300 0.000662
271400 0.000662
271500 0.000662
271600 0.000662
271700 0.000514
271800 0.000508
271900 0.000663
272000 0.000663
272100 0.000995
272200 0.000509
272300 0.000512
272400 0.000526
272500 0.000664
272600 0.000669
272700 0.000512
272800 0.000516
272900 0.000513
273000 0.000665
273100 0.000983
273200 0.001007
273300 0.000673
273400 0.000755
273500 0.00101
273600 0.00101
273700 0.000667
273800 0.000667
273900 0.000512
274000 0.000512
274100 0.000516
274200 0.000516
274300 0.000668
274400 0.000669
274500 0.000668
274600 0.00067
274700 0.00051
274800 0.000513
274900 0.000517
275000 0.00067
275100 0.000671
275200 0.00067
275300 0.000671
275400 0.000672
275500 0.000672
275600 0.000672
275700 0.000672
275800 0.000672
275900 0.000673
276000 0.000978
276100 0.00051
276200 0.000513
276300 0.000516
276400 0.000516
276500 0.000633
276600 0.000675
276700 0.000674
276800 0.000675
276900 0.000686
277000 0.000675
277100 0.000675
277200 0.000676
277300 0.000676
277400 0.000676
277500 0.000676
277600 0.000677
277700 0.000678
277800 0.00069
277900 0.000678
278000 0.000678
278100 0.000679
278200 0.000685
278300 0.000678
278400 0.000678
278500 0.000679
278600 0.000687
278700 0.00068
278800 0.000679
278900 0.00052
279000 0.000518
279100 0.00068
279200 0.00068
279300 0.000681
279400 0.000689
279500 0.000528
279600 0.000529
279700 0.000529
279800 0.000682
279900 0.000683
280000 0.000683
280100 0.001003
280200 0.001003
280300 0.000554
280400 0.000529
280500 0.000529
280600 0.000684
280700 0.000684
280800 0.000685
280900 0.000699
281000 0.000685
281100 0.000685
281200 0.000685
281300 0.000695
281400 0.000686
281500 0.000686
281600 0.000686
281700 0.000696
281800 0.000686
281900 0.000687
282000 0.000689
282100 0.000699
282200 0.000688
282300 0.000524
282400 0.000527
282500 0.000527
282600 0.000529
282700 0.000689
282800 0.00069
282900 0.000531
283000 0.000526
283100 0.000529
283200 0.0007
283300 0.00069
283400 0.000691
283500 0.000691
283600 0.000698
283700 0.000651
283800 0.00053
283900 0.000534
284000 0.00063
284100 0.000692
284200 0.000694
284300 0.000705
284400 0.001039
284500 0.000539
284600 0.00054
284700 0.001052
284800 0.001091
284900 0.000694
285000 0.001052
285100 0.000701
285200 0.000702
285300 0.000702
285400 0.000717
285500 0.000702
285600 0.000703
285700 0.000696
285800 0.000697
285900 0.000697
286000 0.000537
286100 0.000535
286200 0.000535
286300 0.000539
286400 0.000535
286500 0.000535
286600 0.000539
286700 0.000706
286800 0.001048
286900 0.000711
287000 0.000722
287100 0.0007
287200 0.0007
287300 0.00071
287400 0.001028
287500 0.001029
287600 0.000708
287700 0.000708
287800 0.000702
287900 0.000701
288000 0.000702
288100 0.000702
288200 0.000703
288300 0.00054
288400 0.001032
288500 0.000553
288600 0.001096
288700 0.00071
288800 0.000711
288900 0.000712
289000 0.001129
289100 0.001058
289200 0.000612
289300 0.001197
289400 0.000712
289500 0.001073
289600 0.00054
289700 0.000543
289800 0.000571
289900 0.000552
290000 0.000547
290100 0.000548
290200 0.000548
290300 0.000551
290400 0.000547
290500 0.000549
290600 0.000548
290700 0.000551
290800 0.000552
290900 0.000549
291000 0.000552
291100 0.000552
291200 0.000552
291300 0.000559
291400 0.000566
291500 0.000553
291600 0.000556
291700 0.000548
291800 0.001078
291900 0.000734
292000 0.000744
292100 0.000718
292200 0.000562
292300 0.000555
292400 0.000555
292500 0.000577
292600 0.00108
292700 0.001054
292800 0.000721
292900 0.000722
293000 0.000721
293100 0.000553
293200 0.000556
293300 0.00056
293400 0.000566
293500 0.000566
293600 0.000561
293700 0.000605
293800 0.000561
293900 0.000561
294000 0.000561
294100 0.000561
294200 0.000568
294300 0.000562
294400 0.000564
294500 0.000562
294600 0.000562
294700 0.000563
294800 0.000563
294900 0.000568
295000 0.000563
295100 0.000564
295200 0.000563
295300 0.000567
295400 0.000564
295500 0.000564
295600 0.00057
295700 0.000575
295800 0.000584
295900 0.000584
296000 0.000573
296100 0.000566
296200 0.000566
296300 0.000566
296400 0.000573
296500 0.000567
296600 0.000566
296700 0.000571
296800 0.000575
296900 0.000567
297000 0.000603
297100 0.00057
297200 0.000567
297300 0.000568
297400 0.000571
297500 0.000577
297600 0.000572
297700 0.000572
297800 0.000571
297900 0.000568
298000 0.000622
298100 0.000569
298200 0.001145
298300 0.00057
298400 0.000561
298500 0.000561
298600 0.000566
298700 0.000565
298800 0.000567
298900 0.000567
299000 0.000571
299100 0.000568
299200 0.000575
299300 0.000572
299400 0.000576
299500 0.000566
299600 0.000572
299700 0.000731
299800 0.000731
299900 0.000731
300000 0.000731
300100 0.000567
300200 0.000564
300300 0.000572
300400 0.000731
300500 0.000739
300600 0.000733
300700 0.000733
300800 0.000734
300900 0.000865
301000 0.000849
301100 0.00057
301200 0.00057
301300 0.000569
301400 0.000575
301500 0.000849
301600 0.000735
301700 0.000746
301800 0.000735
301900 0.000735
302000 0.000742
302100 0.000736
302200 0.000572
302300 0.000568
302400 0.000737
302500 0.000745
302600 0.000574
302700 0.000575
302800 0.000583
302900 0.000569
303000 0.001119
303100 0.000739
303200 0.000749
303300 0.00079
303400 0.000567
303500 0.000571
303600 0.000574
303700 0.001147
303800 0.000748
303900 0.000748
304000 0.000585
304100 0.000588
304200 0.000581
304300 0.000585
304400 0.000579
304500 0.000618
304600 0.00058
304700 0.000585
304800 0.000585
304900 0.000586
305000 0.000583
305100 0.000586
305200 0.000587
305300 0.000587
305400 0.000593
305500 0.000607
305600 0.000587
305700 0.000587
305800 0.000587
305900 0.000588
306000 0.000582
306100 0.000746
306200 0.000753
306300 0.000746
306400 0.000747
306500 0.000753
306600 0.000747
306700 0.000747
306800 0.000771
306900 0.000747
307000 0.000748
307100 0.00058
307200 0.000584
307300 0.000765
307400 0.000584
307500 0.000585
307600 0.00075
307700 0.000759
307800 0.000587
307900 0.000582
308000 0.000751
308100 0.00075
308200 0.000755
308300 0.001093
308400 0.000751
308500 0.000752
308600 0.001144
308700 0.000759
308800 0.00076
308900 0.000752
309000 0.00058
309100 0.000585
309200 0.00076
309300 0.000754
309400 0.000755
309500 0.000586
309600 0.000593
309700 0.000593
309800 0.000586
309900 0.000778
310000 0.000755
310100 0.000756
310200 0.000757
310300 0.000757
310400 0.000756
310500 0.000757
310600 0.000757
310700 0.000757
310800 0.000616
310900 0.000595
311000 0.000597
311100 0.000607
311200 0.000594
311300 0.000588
311400 0.000595
311500 0.000878
311600 0.000761
311700 0.000882
311800 0.000589
311900 0.000816
312000 0.00076
312100 0.000601
312200 0.000595
312300 0.000593
312400 0.000593
312500 0.000593
312600 0.000593
312700 0.000593
312800 0.000594
312900 0.000594
313000 0.000599
313100 0.000606
313200 0.000598
313300 0.000594
313400 0.000595
313500 0.000595
313600 0.000599
313700 0.000596
313800 0.000599
313900 0.000599
314000 0.000606
314100 0.000604
314200 0.000598
314300 0.000603
314400 0.0006
314500 0.000604
314600 0.000601
314700 0.000601
314800 0.000601
314900 0.00061
315000 0.000601
315100 0.000605
315200 0.001153
315300 0.000596
315400 0.0006
315500 0.0006
315600 0.000601
315700 0.000609
315800 0.000609
315900 0.000623
316000 0.000602
316100 0.00088
316200 0.001219
316300 0.0006
316400 0.001085
316500 0.000599
316600 0.00078
316700 0.000905
316800 0.001134
316900 0.000915
317000 0.000603
317100 0.000773
317200 0.000773
317300 0.000604
317400 0.000628
317500 0.000611
317600 0.000631
317700 0.0006
317800 0.001172
317900 0.001128
318000 0.000594
318100 0.001171
318200 0.000776
318300 0.000795
318400 0.001227
318500 0.001146
318600 0.000789
318700 0.000784
318800 0.001217
318900 0.00083
319000 0.000616
319100 0.000609
319200 0.000609
319300 0.000613
319400 0.000618
319500 0.000757
319600 0.000614
319700 0.00061
319800 0.000614
319900 0.000614
320000 0.000624
320100 0.001222
320200 0.000611
320300 0.000612
320400 0.000612
320500 0.000617
320600 0.000613
320700 0.000618
320800 0.000606
320900 0.000789
321000 0.000799
321100 0.000621
321200 0.000617
321300 0.00115
321400 0.000798
321500 0.000784
321600 0.001151
321700 0.000606
321800 0.000605
321900 0.000605
322000 0.000785
322100 0.000605
322200 0.000609
322300 0.000612
322400 0.000609
322500 0.000802
322600 0.000787
322700 0.000794
322800 0.001214
322900 0.000608
323000 0.000611
323100 0.000611
323200 0.000611
323300 0.000611
323400 0.000611
323500 0.000612
323600 0.000612
323700 0.000921
323800 0.000918
323900 0.000613
324000 0.000621
324100 0.000914
324200 0.000914
324300 0.000918
324400 0.000916
324500 0.00092
324600 0.000791
324700 0.000881
324800 0.000915
324900 0.000916
325000 0.000921
325100 0.000619
325200 0.000615
325300 0.00124
325400 0.000926
325500 0.000959
325600 0.000612
325700 0.000616
325800 0.000616
325900 0.000616
326000 0.00062
326100 0.00062
326200 0.000616
326300 0.000616
326400 0.000628
326500 0.000619
326600 0.00062
326700 0.000661
326800 0.000823
326900 0.000797
327000 0.000813
327100 0.000797
327200 0.000798
327300 0.000798
327400 0.000798
327500 0.000809
327600 0.000799
327700 0.000612
327800 0.000621
327900 0.000806
328000 0.0008
328100 0.0008
328200 0.001212
328300 0.000808
328400 0.0012
328500 0.000614
328600 0.001213
328700 0.000816
328800 0.000809
328900 0.001189
329000 0.001215
329100 0.000818
329200 0.000817
329300 0.000622
329400 0.001184
329500 0.00081
329600 0.001216
329700 0.000812
329800 0.001181
329900 0.000812
330000 0.001218
330100 0.000727
330200 0.001224
330300 0.000615
330400 0.000623
330500 0.000618
330600 0.000623
330700 0.000621
330800 0.000621
330900 0.000618
331000 0.000622
331100 0.000622
331200 0.000936
331300 0.001231
331400 0.000621
331500 0.001244
331600 0.000978
331700 0.000873
331800 0.000982
331900 0.000817
332000 0.000824
332100 0.001226
332200 0.000627
332300 0.001208
332400 0.001251
332500 0.000619
332600 0.000629
332700 0.000624
332800 0.000624
332900 0.000621
333000 0.001228
333100 0.00082
333200 0.000831
333300 0.000636
333400 0.000629
333500 0.000633
333600 0.000633
333700 0.000633
333800 0.000634
333900 0.000633
334000 0.000634
334100 0.000634
334200 0.000945
334300 0.000636
334400 0.000994
334500 0.000638
334600 0.000639
334700 0.000635
334800 0.000635
334900 0.000635
335000 0.000636
335100 0.000636
335200 0.000648
335300 0.000645
335400 0.000769
335500 0.000826
335600 0.000827
335700 0.000826
335800 0.000826
335900 0.000827
336000 0.000634
336100 0.000632
336200 0.000631
336300 0.000828
336400 0.000827
336500 0.000827
336600 0.000822
336700 0.000637
336800 0.000638
336900 0.000647
337000 0.000822
337100 0.000821
337200 0.000836
337300 0.000822
337400 0.000835
337500 0.000823
337600 0.000822
337700 0.000823
337800 0.000823
337900 0.000842
338000 0.000823
338100 0.000828
338200 0.000824
338300 0.000824
338400 0.000825
338500 0.000826
338600 0.001213
338700 0.001269
338800 0.001258
338900 0.001201
339000 0.00096
339100 0.001263
339200 0.00122
339300 0.000835
339400 0.000835
339500 0.000645
339600 0.000648
339700 0.000648
339800 0.000657
339900 0.000657
340000 0.000649
340100 0.000653
340200 0.000649
340300 0.000655
340400 0.001257
340500 0.001282
340600 0.00065
340700 0.00065
340800 0.00065
340900 0.000658
341000 0.000657
341100 0.000667
341200 0.000661
341300 0.000656
341400 0.000656
341500 0.000656
341600 0.000661
341700 0.000662
341800 0.000652
341900 0.000657
342000 0.000657
342100 0.000657
342200 0.000661
342300 0.000662
342400 0.000665
342500 0.000667
342600 0.000658
342700 0.000679
342800 0.00066
342900 0.000658
343000 0.000836
343100 0.000844
343200 0.001239
343300 0.000845
343400 0.001267
343500 0.000845
343600 0.000857
343700 0.000846
343800 0.001268
343900 0.001231
344000 0.00066
344100 0.000666
344200 0.000662
344300 0.000657
344400 0.000662
344500 0.000668
344600 0.000672
344700 0.000657
344800 0.000661
344900 0.000662
345000 0.000663
345100 0.000662
345200 0.000663
345300 0.000667
345400 0.000664
345500 0.000663
345600 0.000664
345700 0.000664
345800 0.000664
345900 0.000664
346000 0.000665
346100 0.000664
346200 0.000665
346300 0.000665
346400 0.000665
346500 0.000665
346600 0.000666
346700 0.000678
346800 0.000665
346900 0.000666
347000 0.000666
347100 0.000667
347200 0.000674
347300 0.000664
347400 0.00067
347500 0.000667
347600 0.000667
347700 0.000672
347800 0.000667
347900 0.000668
348000 0.000668
348100 0.000668
348200 0.000683
348300 0.000669
348400 0.000678
348500 0.000682
348600 0.00067
348700 0.00067
348800 0.000674
348900 0.000674
349000 0.00067
349100 0.000671
349200 0.000671
349300 0.000671
349400 0.00068
349500 0.000688
349600 0.000683
349700 0.00068
349800 0.000682
349900 0.000673
350000 0.000682
350100 0.000672
350200 0.000673
350300 0.000673
350400 0.000672
350500 0.000673
350600 0.000674
350700 0.000673
350800 0.001338
350900 0.000663
351000 0.000663
351100 0.000994
351200 0.001006
351300 0.000681
351400 0.000693
351500 0.000685
351600 0.00068
351700 0.000683
351800 0.000692
351900 0.000692
352000 0.000697
352100 0.000674
352200 0.000675
352300 0.000671
352400 0.000873
352500 0.000859
352600 0.000867
352700 0.000859
352800 0.000876
352900 0.00086
353000 0.000865
353100 0.00086
353200 0.000869
353300 0.000861
353400 0.000668
353500 0.000672
353600 0.000679
353700 0.000862
353800 0.000862
353900 0.000863
354000 0.000878
354100 0.000863
354200 0.000863
354300 0.000864
354400 0.000864
354500 0.000878
354600 0.000676
354700 0.00101
354800 0.000884
354900 0.000674
355000 0.000681
355100 0.00131
355200 0.000875
355300 0.001271
355400 0.001288
355500 0.000684
355600 0.000867
355700 0.000876
355800 0.000877
355900 0.001273
356000 0.000876
356100 0.00132
356200 0.00128
356300 0.000877
356400 0.000878
356500 0.001276
356600 0.001309
356700 0.000667
356800 0.000666
356900 0.0009
357000 0.000871
357100 0.000871
357200 0.001007
357300 0.001279
357400 0.00088
357500 0.00067
357600 0.000675
357700 0.000675
357800 0.000678
357900 0.000679
358000 0.000695
358100 0.00068
358200 0.00068
358300 0.001364
358400 0.001283
358500 0.001284
358600 0.001283
358700 0.001284
358800 0.000673
358900 0.000689
359000 0.000875
359100 0.000674
359200 0.00069
359300 0.001296
359400 0.000678
359500 0.000682
359600 0.000683
359700 0.001343
359800 0.000886
359900 0.001289
360000 0.000886
360100 0.000886
360200 0.000886
360300 0.000891
360400 0.000886
360500 0.000887
360600 0.000685
360700 0.000888
360800 0.00134
360900 0.001348
361000 0.001328
361100 0.001366
361200 0.000889
361300 0.000889
361400 0.000678
361500 0.00069
361600 0.000682
361700 0.000704
361800 0.000687
361900 0.000703
362000 0.000698
362100 0.000699
362200 0.000694
362300 0.000694
362400 0.000701
362500 0.000695
362600 0.000703
362700 0.000697
362800 0.000698
362900 0.001446
363000 0.001376
363100 0.000889
363200 0.001327
363300 0.00069
363400 0.000713
363500 0.001318
363600 0.000694
363700 0.001412
363800 0.000694
363900 0.000695
364000 0.000688
364100 0.000684
364200 0.000684
364300 0.000704
364400 0.000684
364500 0.001309
364600 0.001042
364700 0.001355
364800 0.001347
364900 0.001132
365000 0.000701
365100 0.000701
365200 0.000702
365300 0.001403
365400 0.000696
365500 0.000715
365600 0.000711
365700 0.000699
365800 0.00069
365900 0.000688
366000 0.000689
366100 0.000705
366200 0.000698
366300 0.000686
366400 0.000687
366500 0.0007
366600 0.000685
366700 0.000687
366800 0.000688
366900 0.000696
367000 0.000702
367100 0.000691
367200 0.000693
367300 0.000693
367400 0.000693
367500 0.000693
367600 0.000693
367700 0.001357
367800 0.001316
367900 0.001379
368000 0.001317
368100 0.000687
368200 0.000699
368300 0.000694
368400 0.000698
368500 0.000699
368600 0.000696
368700 0.001379
368800 0.000908
368900 0.001349
369000 0.000694
369100 0.000711
369200 0.000901
369300 0.000918
369400 0.0009
369500 0.000899
369600 0.00069
369700 0.000901
369800 0.000924
369900 0.000694
370000 0.001325
370100 0.000694
370200 0.000699
370300 0.000706
370400 0.000708
370500 0.000707
370600 0.000708
370700 0.000707
370800 0.000704
370900 0.00133
371000 0.001408
371100 0.000703
371200 0.000704
371300 0.000704
371400 0.0007
371500 0.000702
371600 0.001341
371700 0.001001
371800 0.001381
371900 0.000705
372000 0.001059
372100 0.000915
372200 0.000703
372300 0.000707
372400 0.000706
372500 0.00081
372600 0.000917
372700 0.001375
372800 0.001335
372900 0.000918
373000 0.000756
373100 0.0007
373200 0.001343
373300 0.001342
373400 0.001382
373500 0.000729
373600 0.000714
373700 0.000718
373800 0.000718
373900 0.000718
374000 0.000718
374100 0.000719
374200 0.000718
374300 0.00075
374400 0.001345
374500 0.000706
374600 0.000711
374700 0.000725
374800 0.001405
374900 0.000923
375000 0.000922
375100 0.001062
375200 0.000923
375300 0.000923
375400 0.001344
375500 0.001449
375600 0.000924
375700 0.000925
375800 0.000709
375900 0.000719
376000 0.000713
376100 0.000715
376200 0.000735
376300 0.001397
376400 0.001351
376500 0.000926
376600 0.001018
376700 0.001515
376800 0.000918
376900 0.001367
377000 0.000717
377100 0.001351
377200 0.000919
377300 0.000929
377400 0.000936
377500 0.000929
377600 0.00133
377700 0.001339
377800 0.001353
377900 0.00093
378000 0.00093
378100 0.000709
378200 0.000713
378300 0.000718
378400 0.000718
378500 0.000718
378600 0.000973
378700 0.001356
378800 0.001356
378900 0.001418
379000 0.000932
379100 0.000934
379200 0.000737
379300 0.00072
379400 0.001357
379500 0.001359
379600 0.000725
379700 0.000725
379800 0.000725
379900 0.000721
380000 0.000725
380100 0.00073
380200 0.00144
380300 0.001361
380400 0.000927
380500 0.000937
380600 0.000748
380700 0.000738
380800 0.000757
380900 0.000745
381000 0.001365
381100 0.000723
381200 0.000724
381300 0.000725
381400 0.000724
381500 0.000733
381600 0.000729
381700 0.000722
381800 0.000734
381900 0.000729
382000 0.000737
382100 0.000739
382200 0.000722
382300 0.000723
382400 0.00073
382500 0.001412
382600 0.000955
382700 0.000713
382800 0.00073
382900 0.000715
383000 0.000725
383100 0.000729
383200 0.00072
383300 0.00072
383400 0.001415
383500 0.000943
383600 0.000935
383700 0.001459
383800 0.001362
383900 0.000717
384000 0.000717
384100 0.000725
384200 0.000725
384300 0.000725
384400 0.000733
384500 0.000725
384600 0.001079
384700 0.000938
384800 0.001085
384900 0.000845
385000 0.00107
385100 0.000939
385200 0.001379
385300 0.000741
385400 0.000946
385500 0.001383
385600 0.000736
385700 0.000741
385800 0.000741
385900 0.000741
386000 0.000742
386100 0.000742
386200 0.000742
386300 0.000754
386400 0.000761
386500 0.000743
386600 0.001189
386700 0.001427
386800 0.000989
386900 0.001384
387000 0.001385
387100 0.000754
387200 0.00074
387300 0.00074
387400 0.000752
387500 0.000752
387600 0.000748
387700 0.000745
387800 0.000745
387900 0.000745
388000 0.000745
388100 0.000746
388200 0.000749
388300 0.000746
388400 0.000742
388500 0.00076
388600 0.00075
388700 0.000746
388800 0.000757
388900 0.000747
389000 0.000748
389100 0.000747
389200 0.000747
389300 0.000748
389400 0.000748
389500 0.000748
389600 0.000752
389700 0.000765
389800 0.000755
389900 0.000761
390000 0.000749
390100 0.000749
390200 0.00075
390300 0.00075
390400 0.000749
390500 0.00075
390600 0.000758
390700 0.000752
390800 0.000786
390900 0.000751
391000 0.000751
391100 0.000751
391200 0.000755
391300 0.000752
391400 0.000752
391500 0.000752
391600 0.000752
391700 0.000753
391800 0.000753
391900 0.000763
392000 0.000759
392100 0.000764
392200 0.000754
392300 0.000753
392400 0.000753
392500 0.000753
392600 0.000762
392700 0.000755
392800 0.000762
392900 0.000845
393000 0.000958
393100 0.000959
393200 0.000965
393300 0.000749
393400 0.000749
393500 0.000959
393600 0.000959
393700 0.000971
393800 0.000961
393900 0.00096
394000 0.000756
394100 0.000848
394200 0.00096
394300 0.00096
394400 0.000961
394500 0.00097
394600 0.000963
394700 0.000751
394800 0.000962
394900 0.000746
395000 0.000751
395100 0.000973
395200 0.000974
395300 0.000973
395400 0.000752
395500 0.001501
395600 0.000977
395700 0.000749
395800 0.000751
395900 0.000751
396000 0.000757
396100 0.000752
396200 0.000775
396300 0.001507
396400 0.000762
396500 0.000754
396600 0.000764
396700 0.000754
396800 0.000763
396900 0.000756
397000 0.000755
397100 0.000757
397200 0.000756
397300 0.000763
397400 0.000763
397500 0.000763
397600 0.000766
397700 0.000764
397800 0.000763
397900 0.000764
398000 0.001468
398100 0.000971
398200 0.000979
398300 0.000767
398400 0.000761
398500 0.000781
398600 0.000776
398700 0.000766
398800 0.000766
398900 0.000766
399000 0.000766
399100 0.000767
399200 0.000793
399300 0.000776
399400 0.000769
399500 0.000767
399600 0.000767
399700 0.000768
399800 0.000768
399900 0.000768
400000 0.000784
400100 0.000777
400200 0.000777
400300 0.000766
400400 0.000778
400500 0.000799
400600 0.000769
400700 0.000769
400800 0.00077
400900 0.00077
401000 0.000767
401100 0.000782
401200 0.000987
401300 0.00085
401400 0.000932
401500 0.000978
401600 0.000759
401700 0.000765
401800 0.00098
401900 0.00098
402000 0.000979
402100 0.000815
402200 0.000765
402300 0.000765
402400 0.001485
402500 0.001445
402600 0.001561
402700 0.000996
402800 0.000759
402900 0.000769
403000 0.000781
403100 0.00077
403200 0.000765
403300 0.000777
403400 0.000775
403500 0.000766
403600 0.000984
403700 0.001445
403800 0.000994
403900 0.001021
404000 0.000996
404100 0.00096
404200 0.001524
404300 0.000995
404400 0.001456
404500 0.000823
404600 0.000788
404700 0.001027
404800 0.000833
404900 0.000766
405000 0.000766
405100 0.000788
405200 0.000766
405300 0.00077
405400 0.000797
405500 0.000767
405600 0.000784
405700 0.000781
405800 0.000767
405900 0.000776
406000 0.000772
406100 0.000818
406200 0.000816
406300 0.000776
406400 0.000776
406500 0.0008
406600 0.000777
406700 0.000768
406800 0.000824
406900 0.000785
407000 0.000771
407100 0.000777
407200 0.000777
407300 0.000787
407400 0.00081
407500 0.000782
407600 0.00083
407700 0.001547
407800 0.001003
407900 0.001547
408000 0.000774
408100 0.000779
408200 0.000779
408300 0.000779
408400 0.000821
408500 0.00079
408600 0.000779
408700 0.00078
408800 0.000785
408900 0.000776
409000 0.001267
409100 0.00151
409200 0.001464
409300 0.000772
409400 0.000785
409500 0.001686
409600 0.00145
409700 0.001016
409800 0.000782
409900 0.000777
410000 0.000783
410100 0.000783
410200 0.000783
410300 0.000783
410400 0.001549
410500 0.00101
410600 0.000784
410700 0.000794
410800 0.000789
410900 0.000825
411000 0.000796
411100 0.000789
411200 0.0008
411300 0.000925
411400 0.001186
411500 0.001012
411600 0.000769
411700 0.000784
411800 0.000774
411900 0.000774
412000 0.001589
412100 0.001485
412200 0.001603
412300 0.000783
412400 0.000792
412500 0.000805
412600 0.001043
412700 0.001015
412800 0.001015
412900 0.000792
413000 0.000878
413100 0.000785
413200 0.000785
413300 0.00079
413400 0.000785
413500 0.000785
413600 0.000782
413700 0.000778
413800 0.000778
413900 0.000784
414000 0.000783
414100 0.000796
414200 0.000784
414300 0.000787
414400 0.000785
414500 0.000783
414600 0.000797
414700 0.000799
414800 0.000788
414900 0.001496
415000 0.001021
415100 0.001022
415200 0.001566
415300 0.000783
415400 0.000794
415500 0.000793
415600 0.000789
415700 0.000788
415800 0.000799
415900 0.00079
416000 0.001499
416100 0.001499
416200 0.000805
416300 0.000782
416400 0.00079
416500 0.00149
416600 0.001031
416700 0.00103
416800 0.001197
416900 0.0008
417000 0.000831
417100 0.000808
417200 0.000788
417300 0.000794
417400 0.000794
417500 0.000795
417600 0.000795
417700 0.00148
417800 0.001505
417900 0.000825
418000 0.001495
418100 0.001482
418200 0.001591
418300 0.001482
418400 0.001497
418500 0.001029
418600 0.000794
418700 0.000799
418800 0.000849
418900 0.000811
419000 0.0008
419100 0.001145
419200 0.001616
419300 0.001501
419400 0.001039
419500 0.001502
419600 0.000796
419700 0.000809
419800 0.0016
419900 0.001271
420000 0.001034
420100 0.001174
420200 0.001504
420300 0.001034
420400 0.001034
420500 0.001499
420600 0.000803
420700 0.000807
420800 0.000831
420900 0.000808
421000 0.000803
421100 0.00081
421200 0.000812
421300 0.000804
421400 0.000804
421500 0.000801
421600 0.000815
421700 0.000798
421800 0.000798
421900 0.000819
422000 0.000798
422100 0.000798
422200 0.000808
422300 0.000799
422400 0.000828
422500 0.00081
422600 0.000804
422700 0.000808
422800 0.00155
422900 0.001553
423000 0.000808
423100 0.000817
423200 0.000808
423300 0.000808
423400 0.000817
423500 0.000809
423600 0.000809
423700 0.001043
423800 0.001042
423900 0.001043
424000 0.000806
424100 0.000804
424200 0.000813
424300 0.001246
424400 0.001566
424500 0.001044
424600 0.000811
424700 0.00081
424800 0.000811
424900 0.000845
425000 0.000812
425100 0.000821
425200 0.000823
425300 0.000812
425400 0.000812
425500 0.000812
425600 0.000812
425700 0.000812
425800 0.000822
425900 0.000813
426000 0.001073
426100 0.001448
426200 0.001048
426300 0.000812
426400 0.00088
426500 0.00081
426600 0.00105
426700 0.00105
426800 0.00105
426900 0.000829
427000 0.000815
427100 0.000815
427200 0.001216
427300 0.001564
427400 0.001528
427500 0.00158
427600 0.001602
427700 0.001613
427800 0.001531
427900 0.001553
428000 0.001648
428100 0.000812
428200 0.00158
428300 0.001054
428400 0.000814
428500 0.001616
428600 0.000812
428700 0.001617
428800 0.000809
428900 0.000812
429000 0.000811
429100 0.000826
429200 0.000816
429300 0.000812
429400 0.000818
429500 0.000816
429600 0.000812
429700 0.000829
429800 0.000812
429900 0.001595
430000 0.001446
430100 0.000817
430200 0.001049
430300 0.00162
430400 0.000817
430500 0.001059
430600 0.001063
430700 0.000821
430800 0.000817
430900 0.00106
431000 0.001066
431100 0.001632
431200 0.001553
431300 0.001061
431400 0.001105
431500 0.000818
431600 0.000818
431700 0.001553
431800 0.000823
431900 0.001063
432000 0.001063
432100 0.00082
432200 0.00081
432300 0.001646
432400 0.000847
432500 0.00162
432600 0.001613
432700 0.001064
432800 0.001219
432900 0.000821
433000 0.000827
433100 0.000826
433200 0.000827
433300 0.000837
433400 0.001056
433500 0.001211
433600 0.001078
433700 0.001056
433800 0.000808
433900 0.00083
434000 0.001602
434100 0.001637
434200 0.000829
434300 0.000829
434400 0.000842
434500 0.000839
434600 0.000829
434700 0.000816
434800 0.000817
434900 0.000876
435000 0.000816
435100 0.000828
435200 0.000827
435300 0.000827
435400 0.00082
435500 0.00156
435600 0.000827
435700 0.000834
435800 0.000819
435900 0.00156
436000 0.001073
436100 0.001062
436200 0.001074
436300 0.001605
436400 0.000818
436500 0.000815
436600 0.000815
436700 0.000816
436800 0.000823
436900 0.001564
437000 0.001065
437100 0.001581
437200 0.000835
437300 0.000838
437400 0.000846
437500 0.000836
437600 0.000867
437700 0.00084
437800 0.000842
437900 0.001567
438000 0.001643
438100 0.000841
438200 0.000837
438300 0.000864
438400 0.001608
438500 0.000827
438600 0.000883
438700 0.001571
438800 0.00108
438900 0.000855
439000 0.000846
439100 0.000874
439200 0.000836
439300 0.000843
439400 0.000856
439500 0.001301
439600 0.001622
439700 0.000844
439800 0.001071
439900 0.000897
440000 0.000837
440100 0.000845
440200 0.000846
440300 0.001084
440400 0.001576
440500 0.001451
440600 0.00085
440700 0.001081
440800 0.001304
440900 0.001578
441000 0.000827
441100 0.000824
441200 0.000829
441300 0.000825
441400 0.000824
441500 0.000838
441600 0.00083
441700 0.000829
441800 0.000826
441900 0.000825
442000 0.000831
442100 0.001585
442200 0.001566
442300 0.000826
442400 0.001273
442500 0.001255
442600 0.00085
442700 0.00085
442800 0.00085
442900 0.000857
443000 0.000851
443100 0.000874
443200 0.000863
443300 0.000849
443400 0.000864
443500 0.000848
443600 0.000849
443700 0.000852
443800 0.000853
443900 0.000853
444000 0.000853
444100 0.000852
444200 0.001069
444300 0.001706
444400 0.000843
444500 0.001094
444600 0.001094
444700 0.000839
444800 0.000847
444900 0.000856
445000 0.00085
445100 0.001605
445200 0.00166
445300 0.001534
445400 0.001169
445500 0.001646
445600 0.000861
445700 0.000854
445800 0.000851
445900 0.000852
446000 0.000856
446100 0.000851
446200 0.000851
446300 0.000864
446400 0.000852
446500 0.000857
446600 0.000852
446700 0.000858
446800 0.000868
446900 0.000855
447000 0.000853
447100 0.000853
447200 0.000864
447300 0.000874
447400 0.000854
447500 0.000882
447600 0.000873
447700 0.000866
447800 0.000857
447900 0.000847
448000 0.000847
448100 0.000847
448200 0.000853
448300 0.000848
448400 0.000864
448500 0.000848
448600 0.000951
448700 0.000848
448800 0.001721
448900 0.001104
449000 0.001105
449100 0.001105
449200 0.000932
449300 0.000865
449400 0.000868
449500 0.000858
449600 0.000863
449700 0.000864
449800 0.001255
449900 0.00166
450000 0.001614
450100 0.00169
450200 0.000861
450300 0.00122
450400 0.001003
450500 0.001109
450600 0.001792
450700 0.001638
450800 0.001638
450900 0.001664
451000 0.001129
451100 0.00111
451200 0.001111
451300 0.00112
451400 0.001271
451500 0.001111
451600 0.0011
451700 0.001619
451800 0.001703
451900 0.001128
452000 0.001655
452100 0.001312
452200 0.001618
452300 0.001618
452400 0.001114
452500 0.00087
452600 0.000851
452700 0.00086
452800 0.001621
452900 0.001115
453000 0.001122
453100 0.001211
453200 0.000877
453300 0.000861
453400 0.000867
453500 0.000859
453600 0.001687
453700 0.00086
453800 0.001624
453900 0.001117
454000 0.001106
454100 0.001625
454200 0.001673
454300 0.000858
454400 0.000864
454500 0.000871
454600 0.000863
454700 0.000864
454800 0.000863
454900 0.000866
455000 0.000868
455100 0.00087
455200 0.000869
455300 0.000875
455400 0.000869
455500 0.000901
455600 0.00087
455700 0.001122
455800 0.000972
455900 0.001631
456000 0.001122
456100 0.001668
456200 0.001123
456300 0.001123
456400 0.001123
456500 0.00114
456600 0.001696
456700 0.000867
456800 0.000872
456900 0.000865
457000 0.000879
457100 0.000873
457200 0.000882
457300 0.000873
457400 0.000886
457500 0.000874
457600 0.000874
457700 0.000873
457800 0.000874
457900 0.001738
458000 0.001646
458100 0.001654
458200 0.001658
458300 0.001231
458400 0.001696
458500 0.001128
458600 0.000876
458700 0.000881
458800 0.000875
458900 0.000881
459000 0.000881
459100 0.000876
459200 0.000896
459300 0.000885
459400 0.000874
459500 0.000873
459600 0.000874
459700 0.000883
459800 0.000889
459900 0.0009
460000 0.001317
460100 0.001136
460200 0.000884
460300 0.001668
460400 0.001699
460500 0.001635
460600 0.000924
460700 0.001009
460800 0.001355
460900 0.001471
461000 0.001177
461100 0.001139
461200 0.001135
461300 0.000872
461400 0.000872
461500 0.001704
461600 0.000906
461700 0.001652
461800 0.00088
461900 0.000882
462000 0.000881
462100 0.000883
462200 0.00089
462300 0.000888
462400 0.000891
462500 0.000888
462600 0.001066
462700 0.000909
462800 0.00089
462900 0.000974
463000 0.000892
463100 0.000921
463200 0.000895
463300 0.000978
463400 0.000891
463500 0.001658
463600 0.001763
463700 0.00088
463800 0.001141
463900 0.001786
464000 0.001612
464100 0.001145
464200 0.001673
464300 0.000882
464400 0.000881
464500 0.000914
464600 0.000882
464700 0.000899
464800 0.001648
464900 0.000885
465000 0.000892
465100 0.000885
465200 0.000887
465300 0.000944
465400 0.001243
465500 0.00116
465600 0.001207
465700 0.000878
465800 0.001461
465900 0.001798
466000 0.001158
466100 0.001158
466200 0.001147
466300 0.000893
466400 0.000896
466500 0.000901
466600 0.000897
466700 0.000898
466800 0.000898
466900 0.000896
467000 0.000908
467100 0.000889
467200 0.001724
467300 0.001735
467400 0.000894
467500 0.001886
467600 0.000902
467700 0.001673
467800 0.00172
467900 0.001674
468000 0.001186
468100 0.000883
468200 0.000896
468300 0.000905
468400 0.000888
468500 0.000894
468600 0.000889
468700 0.000889
468800 0.001142
468900 0.001166
469000 0.000884
469100 0.000917
469200 0.000939
469300 0.000905
469400 0.00091
469500 0.000902
469600 0.001745
469700 0.001332
469800 0.001164
469900 0.001734
470000 0.000893
470100 0.000888
470200 0.000908
470300 0.000889
470400 0.000897
470500 0.000914
470600 0.000898
470700 0.000898
470800 0.000907
470900 0.00091
471000 0.000899
471100 0.000893
471200 0.000894
471300 0.000903
471400 0.000895
471500 0.000904
471600 0.000905
471700 0.000904
471800 0.000899
471900 0.000895
472000 0.000895
472100 0.000904
472200 0.000896
472300 0.000896
472400 0.00091
472500 0.000902
472600 0.000899
472700 0.000897
472800 0.000977
472900 0.000909
473000 0.000897
473100 0.00091
473200 0.000903
473300 0.000895
473400 0.001756
473500 0.000895
473600 0.000899
473700 0.000899
473800 0.001167
473900 0.001166
474000 0.001531
474100 0.001197
474200 0.000908
474300 0.000905
474400 0.000911
474500 0.000916
474600 0.000911
474700 0.000906
474800 0.000907
474900 0.000932
475000 0.00093
475100 0.00091
475200 0.000913
475300 0.000912
475400 0.001499
475500 0.001361
475600 0.001768
475700 0.000908
475800 0.000908
475900 0.001695
476000 0.000909
476100 0.001113
476200 0.001172
476300 0.000927
476400 0.000928
476500 0.000943
476600 0.000912
476700 0.001173
476800 0.001178
476900 0.000905
477000 0.001173
477100 0.001235
477200 0.001175
477300 0.000906
477400 0.000929
477500 0.000911
477600 0.000912
477700 0.000916
477800 0.00092
477900 0.000913
478000 0.000913
478100 0.000927
478200 0.001815
478300 0.001831
478400 0.000987
478500 0.000994
478600 0.000932
478700 0.000922
478800 0.001184
478900 0.001409
479000 0.000915
479100 0.001415
479200 0.001769
479300 0.000926
479400 0.00137
479500 0.00092
479600 0.00093
479700 0.000921
479800 0.000925
479900 0.000918
480000 0.00093
480100 0.000914
480200 0.000925
480300 0.001757
480400 0.001529
480500 0.000912
480600 0.000921
480700 0.000922
480800 0.000918
480900 0.000918
481000 0.000917
481100 0.00093
481200 0.000919
481300 0.000918
481400 0.000918
481500 0.001594
481600 0.001243
481700 0.001203
481800 0.001185
481900 0.001022
482000 0.000926
482100 0.00098
482200 0.000918
482300 0.000987
482400 0.000917
482500 0.000928
482600 0.000975
482700 0.000924
482800 0.00094
482900 0.000928
483000 0.000928
483100 0.000935
483200 0.000929
483300 0.000928
483400 0.000934
483500 0.000928
483600 0.000935
483700 0.000929
483800 0.00093
483900 0.000929
484000 0.00093
484100 0.000943
484200 0.000931
484300 0.000939
484400 0.001607
484500 0.001196
484600 0.001492
484700 0.001194
484800 0.001193
484900 0.001319
485000 0.00092
485100 0.000922
485200 0.00095
485300 0.00092
485400 0.000935
485500 0.000928
485600 0.000921
485700 0.000922
485800 0.001362
485900 0.001792
486000 0.001541
486100 0.001196
486200 0.001811
486300 0.000929
486400 0.000928
486500 0.001402
486600 0.00093
486700 0.001394
486800 0.001198
486900 0.000952
487000 0.000934
487100 0.000928
487200 0.000938
487300 0.001235
487400 0.0012
487500 0.000925
487600 0.000921
487700 0.000926
487800 0.000916
487900 0.001618
488000 0.001818
488100 0.000921
488200 0.000939
488300 0.001792
488400 0.001202
488500 0.001202
488600 0.000927
488700 0.000922
488800 0.000928
488900 0.000951
489000 0.000928
489100 0.000924
489200 0.001089
489300 0.000925
489400 0.000925
489500 0.000928
489600 0.001863
489700 0.001753
489800 0.001578
489900 0.001214
490000 0.001763
490100 0.001206
490200 0.001206
490300 0.000936
490400 0.000953
490500 0.000942
490600 0.000964
490700 0.001811
490800 0.001767
490900 0.001259
491000 0.001432
491100 0.001759
491200 0.001408
491300 0.000944
491400 0.001631
491500 0.00121
491600 0.000939
491700 0.000945
491800 0.000958
491900 0.000936
492000 0.001351
492100 0.00121
492200 0.00179
492300 0.001212
492400 0.001376
492500 0.001787
492600 0.000985
492700 0.001212
492800 0.001964
492900 0.0018
493000 0.001213
493100 0.001871
493200 0.00093
493300 0.001391
493400 0.001222
493500 0.000937
493600 0.00183
493700 0.001768
493800 0.001793
493900 0.001867
494000 0.001686
494100 0.000934
494200 0.000944
494300 0.000938
494400 0.000946
494500 0.001824
494600 0.00185
494700 0.001391
494800 0.001813
494900 0.001399
495000 0.001758
495100 0.001136
495200 0.00122
495300 0.001223
495400 0.001211
495500 0.001774
495600 0.00122
495700 0.000961
495800 0.000952
495900 0.001232
496000 0.000953
496100 0.001209
496200 0.000944
496300 0.001813
496400 0.000943
496500 0.000942
496600 0.00095
496700 0.001777
496800 0.002162
496900 0.001902
497000 0.001779
497100 0.001579
497200 0.001223
497300 0.001225
497400 0.001789
497500 0.001227
497600 0.001817
497700 0.000961
497800 0.000945
497900 0.000956
498000 0.001399
498100 0.001878
498200 0.001407
498300 0.001789
498400 0.001898
498500 0.000961
498600 0.000957
498700 0.000964
498800 0.000958
498900 0.000964
499000 0.000958
499100 0.000967
499200 0.001802
499300 0.000936
499400 0.001406
499500 0.001229
499600 0.000968
499700 0.000972
499800 0.001788
499900 0.00181
500000 0.001787
500100 0.001241
500200 0.001238
500300 0.001806
500400 0.000949
500500 0.001836
500600 0.000958
500700 0.001807
500800 0.00095
500900 0.000963
501000 0.000956
501100 0.00095
501200 0.000964
501300 0.000957
501400 0.000957
501500 0.000965
501600 0.000952
501700 0.000958
501800 0.000974
501900 0.000974
502000 0.000961
502100 0.000974
502200 0.000958
502300 0.000961
502400 0.001917
502500 0.001899
502600 0.000959
502700 0.000959
502800 0.001833
502900 0.001817
503000 0.0018
503100 0.000971
503200 0.001238
503300 0.001239
503400 0.001923
503500 0.000955
503600 0.000961
503700 0.001026
503800 0.00102
503900 0.000965
504000 0.001861
504100 0.001813
504200 0.001804
504300 0.001816
504400 0.000973
504500 0.001805
504600 0.001806
504700 0.000969
504800 0.000969
504900 0.001858
505000 0.001437
505100 0.001243
505200 0.000971
505300 0.001829
505400 0.001817
505500 0.001873
505600 0.001389
505700 0.000987
505800 0.001818
505900 0.001811
506000 0.000972
506100 0.001012
506200 0.001234
506300 0.001246
506400 0.001234
506500 0.000974
506600 0.000964
506700 0.001413
506800 0.001277
506900 0.000961
507000 0.000962
507100 0.000974
507200 0.000986
507300 0.001602
507400 0.00125
507500 0.001112
507600 0.001644
507700 0.001252
507800 0.00182
507900 0.000963
508000 0.000971
508100 0.000986
508200 0.000976
508300 0.001002
508400 0.001067
508500 0.000978
508600 0.000978
508700 0.00099
508800 0.000982
508900 0.000977
509000 0.00098
509100 0.000978
509200 0.000983
509300 0.000978
509400 0.000978
509500 0.000985
509600 0.000978
509700 0.000989
509800 0.000979
509900 0.000985
510000 0.00098
510100 0.00098
510200 0.001
510300 0.000982
510400 0.000988
510500 0.000986
510600 0.000981
510700 0.001474
510800 0.001244
510900 0.000968
511000 0.000976
511100 0.000984
511200 0.000975
511300 0.000975
511400 0.000977
511500 0.000983
511600 0.000974
511700 0.000973
511800 0.000971
511900 0.000967
512000 0.000962
512100 0.00097
512200 0.000964
512300 0.000984
512400 0.000971
512500 0.000984
512600 0.000972
512700 0.00098
512800 0.000969
512900 0.000972
513000 0.00097
513100 0.000969
513200 0.00097
513300 0.000975
513400 0.000971
513500 0.000971
513600 0.000973
513700 0.000971
513800 0.00097
513900 0.001255
514000 0.000969
514100 0.002021
514200 0.001471
514300 0.000991
514400 0.000979
514500 0.000976
514600 0.000972
514700 0.000982
514800 0.000973
514900 0.000977
515000 0.000978
515100 0.000974
515200 0.000973
515300 0.000987
515400 0.000974
515500 0.000974
515600 0.001769
515700 0.000985
515800 0.001859
515900 0.001276
516000 0.001269
516100 0.001279
516200 0.000969
516300 0.00127
516400 0.000962
516500 0.000977
516600 0.000981
516700 0.001849
516800 0.001271
516900 0.001282
517000 0.001106
517100 0.001033
517200 0.000998
517300 0.001928
517400 0.001008
517500 0.000981
517600 0.000977
517700 0.000987
517800 0.000978
517900 0.001189
518000 0.000982
518100 0.00186
518200 0.001472
518300 0.001855
518400 0.00187
518500 0.001967
518600 0.00199
518700 0.00099
518800 0.002024
518900 0.001277
519000 0.002016
519100 0.001915
519200 0.000994
519300 0.001265
519400 0.001047
519500 0.000998
519600 0.001413
519700 0.001877
519800 0.001278
519900 0.001689
520000 0.00128
520100 0.001688
520200 0.00128
520300 0.001427
520400 0.001881
520500 0.000991
520600 0.001857
520700 0.001002
520800 0.001003
520900 0.001071
521000 0.000996
521100 0.001005
521200 0.001002
521300 0.000991
521400 0.001884
521500 0.001866
521600 0.001018
521700 0.001027
521800 0.000992
521900 0.001002
522000 0.001008
522100 0.001002
522200 0.001002
522300 0.000999
522400 0.001285
522500 0.001273
522600 0.001273
522700 0.001286
522800 0.001286
522900 0.001287
523000 0.001871
523100 0.000998
523200 0.000996
523300 0.001504
523400 0.001288
523500 0.001301
523600 0.001873
523700 0.001413
523800 0.000989
523900 0.001482
524000 0.001875
524100 0.001857
524200 0.001911
524300 0.001963
524400 0.001692
524500 0.0013
524600 0.00129
524700 0.001001
524800 0.001008
524900 0.001013
525000 0.000999
525100 0.001108
525200 0.001285
525300 0.001292
525400 0.001286
525500 0.001293
525600 0.001311
525700 0.001012
525800 0.001301
525900 0.001516
526000 0.001282
526100 0.00101
526200 0.001282
526300 0.001292
526400 0.000995
526500 0.001293
526600 0.001299
526700 0.001283
526800 0.001004
526900 0.001295
527000 0.001297
527100 0.000996
527200 0.001291
527300 0.001303
527400 0.001007
527500 0.001301
527600 0.001303
527700 0.001304
527800 0.001292
527900 0.000998
528000 0.001298
528100 0.001008
528200 0.001017
528300 0.001014
528400 0.001006
528500 0.001353
528600 0.000997
528700 0.001333
528800 0.001513
528900 0.001298
529000 0.001439
529100 0.00138
529200 0.001898
529300 0.001002
529400 0.001953
529500 0.001497
529600 0.001303
529700 0.000999
529800 0.000996
529900 0.000996
530000 0.002037
530100 0.001006
530200 0.001185
530300 0.00131
530400 0.001305
530500 0.001001
530600 0.001007
530700 0.001003
530800 0.001311
530900 0.001306
531000 0.00102
531100 0.001989
531200 0.001002
531300 0.001003
531400 0.000998
531500 0.001508
531600 0.001037
531700 0.001996
531800 0.001837
531900 0.001309
532000 0.001044
532100 0.001016
532200 0.001021
532300 0.00102
532400 0.001023
532500 0.001309
532600 0.001297
532700 0.001017
532800 0.001072
532900 0.001007
533000 0.001014
533100 0.001013
533200 0.001014
533300 0.001029
533400 0.001014
533500 0.001015
533600 0.001928
533700 0.001317
533800 0.001961
533900 0.001332
534000 0.001295
534100 0.001013
534200 0.001023
534300 0.00102
534400 0.001027
534500 0.001025
534600 0.001029
534700 0.001059
534800 0.001914
534900 0.001051
535000 0.001881
535100 0.001316
535200 0.001021
535300 0.001035
535400 0.001022
535500 0.001031
535600 0.001033
535700 0.001022
535800 0.00103
535900 0.001029
536000 0.001029
536100 0.001037
536200 0.001029
536300 0.00103
536400 0.001029
536500 0.00103
536600 0.001086
536700 0.001034
536800 0.001031
536900 0.001031
537000 0.001031
537100 0.001038
537200 0.001031
537300 0.001035
537400 0.001037
537500 0.001083
537600 0.001037
537700 0.001984
537800 0.001033
537900 0.001038
538000 0.001046
538100 0.001033
538200 0.001034
538300 0.001046
538400 0.001044
538500 0.00104
538600 0.001063
538700 0.001843
538800 0.001928
538900 0.001703
539000 0.001362
539100 0.001037
539200 0.001685
539300 0.001942
539400 0.001327
539500 0.001327
539600 0.001328
539700 0.001328
539800 0.00102
539900 0.001226
540000 0.001316
540100 0.001914
540200 0.001027
540300 0.001973
540400 0.002044
540500 0.001566
540600 0.001317
540700 0.00102
540800 0.001016
540900 0.001015
541000 0.001016
541100 0.001026
541200 0.001027
541300 0.001023
541400 0.001023
541500 0.001027
541600 0.00103
541700 0.001332
541800 0.001333
541900 0.001339
542000 0.001333
542100 0.001332
542200 0.001043
542300 0.002001
542400 0.001036
542500 0.001033
542600 0.001036
542700 0.001036
542800 0.001041
542900 0.001036
543000 0.001036
543100 0.001037
543200 0.001037
543300 0.00104
543400 0.001037
543500 0.001042
543600 0.001037
543700 0.001038
543800 0.001038
543900 0.001039
544000 0.001043
544100 0.001038
544200 0.001339
544300 0.001354
544400 0.001039
544500 0.001046
544600 0.001046
544700 0.001046
544800 0.001055
544900 0.001047
545000 0.001049
545100 0.002086
545200 0.001097
545300 0.00104
545400 0.001045
545500 0.001041
545600 0.001046
545700 0.001041
545800 0.001042
545900 0.001054
546000 0.001051
546100 0.001052
546200 0.001048
546300 0.001049
546400 0.001049
546500 0.001547
546600 0.00202
546700 0.001051
546800 0.001051
546900 0.00105
547000 0.001051
547100 0.001051
547200 0.001051
547300 0.001054
547400 0.001057
547500 0.001056
547600 0.001052
547700 0.001062
547800 0.001052
547900 0.001078
548000 0.001053
548100 0.001059
548200 0.001066
548300 0.001972
548400 0.001403
548500 0.001349
548600 0.001048
548700 0.001047
548800 0.001055
548900 0.001056
549000 0.001055
549100 0.001057
549200 0.001057
549300 0.001062
549400 0.001059
549500 0.001055
549600 0.001055
549700 0.001056
549800 0.001067
549900 0.001056
550000 0.001067
550100 0.001969
550200 0.001061
550300 0.001943
550400 0.001969
550500 0.001047
550600 0.001957
550700 0.001058
550800 0.001058
550900 0.001047
551000 0.001059
551100 0.001066
551200 0.002033
551300 0.001976
551400 0.002018
551500 0.00105
551600 0.001063
551700 0.001055
551800 0.00106
551900 0.001062
552000 0.00106
552100 0.001069
552200 0.001061
552300 0.00113
552400 0.001067
552500 0.002076
552600 0.002051
552700 0.001367
552800 0.00136
552900 0.001372
553000 0.001371
553100 0.001416
553200 0.002099
553300 0.00189
553400 0.002107
553500 0.002042
553600 0.001066
553700 0.002055
553800 0.002108
553900 0.001081
554000 0.001064
554100 0.001066
554200 0.001068
554300 0.001054
554400 0.001065
554500 0.001064
554600 0.001065
554700 0.001076
554800 0.001069
554900 0.001071
555000 0.00107
555100 0.001073
555200 0.00107
555300 0.001066
555400 0.00108
555500 0.001067
555600 0.001067
555700 0.001067
555800 0.00108
555900 0.001989
556000 0.001297
556100 0.001093
556200 0.001452
556300 0.001372
556400 0.001056
556500 0.001066
556600 0.001056
556700 0.001059
556800 0.001063
556900 0.001074
557000 0.001053
557100 0.001064
557200 0.001062
557300 0.00216
557400 0.001072
557500 0.002116
557600 0.002003
557700 0.001372
557800 0.001065
557900 0.001058
558000 0.001997
558100 0.001593
558200 0.001059
558300 0.001066
558400 0.001065
558500 0.001072
558600 0.001066
558700 0.00107
558800 0.001067
558900 0.001068
559000 0.001057
559100 0.001078
559200 0.00106
559300 0.001069
559400 0.001063
559500 0.001101
559600 0.001064
559700 0.001058
559800 0.001065
559900 0.001058
560000 0.001059
560100 0.001059
560200 0.001059
560300 0.001059
560400 0.001702
560500 0.001382
560600 0.00107
560700 0.001075
560800 0.00107
560900 0.00108
561000 0.001078
561100 0.001077
561200 0.001077
561300 0.001077
561400 0.00109
561500 0.002082
561600 0.001065
561700 0.001065
561800 0.001066
561900 0.001072
562000 0.001072
562100 0.001075
562200 0.001069
562300 0.001069
562400 0.001074
562500 0.001063
562600 0.001063
562700 0.00216
562800 0.001062
562900 0.001088
563000 0.002192
563100 0.001075
563200 0.001086
563300 0.001083
563400 0.001081
563500 0.001082
563600 0.001082
563700 0.00214
563800 0.00185
563900 0.001082
564000 0.001098
564100 0.001088
564200 0.001085
564300 0.002154
564400 0.001291
564500 0.001084
564600 0.002021
564700 0.00202
564800 0.001811
564900 0.002085
565000 0.001073
565100 0.001079
565200 0.001077
565300 0.001852
565400 0.001864
565500 0.001079
565600 0.00107
565700 0.001069
565800 0.001077
565900 0.001069
566000 0.001071
566100 0.001074
566200 0.002026
566300 0.002031
566400 0.00108
566500 0.001102
566600 0.001075
566700 0.001072
566800 0.001071
566900 0.00108
567000 0.001078
567100 0.001082
567200 0.001072
567300 0.001073
567400 0.001077
567500 0.001074
567600 0.001073
567700 0.001083
567800 0.001072
567900 0.001073
568000 0.00109
568100 0.001092
568200 0.001384
568300 0.001399
568400 0.002039
568500 0.001078
568600 0.001412
568700 0.001408
568800 0.002061
568900 0.00108
569000 0.002036
569100 0.001076
569200 0.001403
569300 0.001417
569400 0.0014
569500 0.00141
569600 0.001074
569700 0.001107
569800 0.001402
569900 0.001064
570000 0.001395
570100 0.001389
570200 0.001389
570300 0.001065
570400 0.001406
570500 0.001392
570600 0.001067
570700 0.002067
570800 0.001111
570900 0.002049
571000 0.001391
571100 0.00141
571200 0.001072
571300 0.001072
571400 0.001067
571500 0.001406
571600 0.001068
571700 0.001092
571800 0.002046
571900 0.002102
572000 0.001068
572100 0.001408
572200 0.001082
572300 0.001079
572400 0.00108
572500 0.001076
572600 0.00108
572700 0.001085
572800 0.001076
572900 0.001077
573000 0.001399
573100 0.001081
573200 0.002058
573300 0.001096
573400 0.002131
573500 0.001411
573600 0.001722
573700 0.001421
573800 0.001418
573900 0.001079
574000 0.001176
574100 0.002135
574200 0.001093
574300 0.002089
574400 0.002079
574500 0.001775
574600 0.001082
574700 0.001618
574800 0.001414
574900 0.001426
575000 0.001415
575100 0.001089
575200 0.001086
575300 0.001099
575400 0.001762
575500 0.002064
575600 0.001074
575700 0.001086
575800 0.001397
575900 0.002071
576000 0.001437
576100 0.00169
576200 0.002157
576300 0.001075
576400 0.001086
576500 0.001083
576600 0.002192
576700 0.001424
576800 0.001418
576900 0.001419
577000 0.001091
577100 0.001838
577200 0.001094
577300 0.00142
577400 0.001417
577500 0.001484
577600 0.001407
577700 0.001079
577800 0.001089
577900 0.001092
578000 0.001408
578100 0.001418
578200 0.001415
578300 0.001408
578400 0.001093
578500 0.001414
578600 0.001101
578700 0.001099
578800 0.001639
578900 0.001433
579000 0.002155
579100 0.002072
579200 0.002113
579300 0.001101
579400 0.001419
579500 0.002252
579600 0.001425
579700 0.001427
579800 0.001445
579900 0.001426
580000 0.001436
580100 0.001087
580200 0.001101
580300 0.001427
580400 0.001088
580500 0.001095
580600 0.001428
580700 0.002078
580800 0.001095
580900 0.001101
581000 0.001415
581100 0.001097
581200 0.001244
581300 0.001416
581400 0.00163
581500 0.002206
581600 0.001606
581700 0.001098
581800 0.001103
581900 0.001099
582000 0.001856
582100 0.002082
582200 0.001546
582300 0.001233
582400 0.001612
582500 0.001778
582600 0.001426
582700 0.001108
582800 0.001111
582900 0.001288
583000 0.001099
583100 0.001099
583200 0.0011
583300 0.001108
583400 0.001099
583500 0.001102
583600 0.001098
583700 0.001115
583800 0.001436
583900 0.002139
584000 0.001105
584100 0.001102
584200 0.00209
584300 0.002256
584400 0.001115
584500 0.00111
584600 0.001102
584700 0.001113
584800 0.001747
584900 0.001099
585000 0.001429
585100 0.001123
585200 0.001099
585300 0.001108
585400 0.00111
585500 0.001104
585600 0.001427
585700 0.001171
585800 0.001215
585900 0.001112
586000 0.001112
586100 0.001143
586200 0.001114
586300 0.001112
586400 0.001112
586500 0.00114
586600 0.001102
586700 0.001118
586800 0.001113
586900 0.001123
587000 0.001114
587100 0.001119
587200 0.001114
587300 0.001114
587400 0.001115
587500 0.001677
587600 0.00211
587700 0.002001
587800 0.00211
587900 0.001663
588000 0.002169
588100 0.002232
588200 0.002174
588300 0.001127
588400 0.001123
588500 0.001123
588600 0.001452
588700 0.001448
588800 0.002189
588900 0.001739
589000 0.002152
589100 0.001454
589200 0.001116
589300 0.001438
589400 0.00212
589500 0.001459
589600 0.001112
589700 0.001118
589800 0.001114
589900 0.001446
